10000
790
1087
1038
75
151
465
294
1478
666
1199
1640
192
254
1838
441
1439
598
1939
1148
1985
1015
1819
580
920
1502
116
999
59
1628
84
1681
1163
1060
1024
955
361
1096
194
755
280
170
1317
1142
520
77
1145
541
1000
1750
1574
436
1785
1243
1574
1458
466
1795
1864
443
1107
1549
893
1781
590
446
1159
848
1720
1975
1381
34
1118
464
679
581
1969
1579
848
661
138
1089
1047
354
1669
1836
420
1068
1261
331
1127
263
192
1650
978
1523
413
1825
1965
935
1334
1006
1207
176
23
908
773
1518
1092
24
1360
383
583
411
1905
851
1013
299
1706
1842
22
313
1345
1804
595
1113
1487
1880
54
1123
1720
807
47
1526
1082
1101
395
1503
138
461
530
479
400
146
1582
432
1297
1858
1519
636
1660
1629
95
1025
328
670
73
512
1450
106
1554
1088
1886
1323
482
668
1465
1536
581
525
846
748
13
1872
1500
915
947
1567
1896
917
1481
775
1328
578
362
1180
1158
646
1709
1230
793
1437
1575
494
1028
1683
4
533
1582
863
1869
1368
1125
144
585
1536
847
1320
126
117
107
1614
1335
1526
1833
1946
1828
1227
1070
364
1863
1435
1236
534
1117
1952
548
812
750
1603
195
633
990
634
1726
852
1351
1378
1944
692
1683
784
1552
1086
123
1154
1193
1804
1191
1589
1497
1260
1250
814
1821
1210
233
382
78
1723
1592
327
74
1906
1609
47
93
792
885
845
793
729
1368
1400
503
561
1223
131
1394
1357
816
419
43
156
1787
1343
1003
1056
1521
1415
1350
1438
1566
785
1789
1251
1557
472
1010
1108
764
902
63
1919
956
1719
246
1446
1008
952
882
821
1933
854
1123
1506
1037
1186
685
455
667
1438
80
1236
1207
1941
529
1932
1473
156
1002
388
321
1868
149
817
1490
1140
233
669
1896
946
613
1521
373
200
1209
341
745
1977
836
838
1775
1829
882
1411
1401
844
607
576
367
1454
1799
668
871
1254
796
836
842
1127
1712
191
1807
1273
1321
1650
592
177
1620
1868
47
1592
1160
1763
785
1746
164
863
606
655
696
1646
587
595
1594
701
552
455
47
1551
1508
985
504
1724
1639
1048
1289
128
1799
691
1860
1922
1955
418
1740
1434
823
1061
261
1096
400
1428
1012
1126
961
229
1195
1180
61
656
1257
397
1321
706
966
1949
83
519
1095
953
1347
1579
595
536
801
1152
1162
1789
1289
1157
983
640
110
1736
420
838
1775
409
212
920
1513
1703
378
523
1210
877
1287
969
8
1003
1472
1913
1264
926
1845
764
1404
1514
1090
1105
1515
1573
843
251
277
754
954
1698
961
1765
1283
1293
797
1234
68
1331
1896
1551
702
1858
506
1731
83
608
725
934
504
1895
22
1237
936
1265
240
158
1810
1735
1547
896
1730
940
1718
1822
1459
901
1620
915
1448
1654
1000
825
1583
1671
1821
574
518
1797
1586
1533
1855
1498
1625
1856
1632
19
900
1402
1226
404
762
1590
1751
851
218
816
1999
185
1296
895
123
1532
365
991
1677
1396
211
1627
948
1467
706
1890
807
906
981
626
854
20
905
1781
602
1393
371
1195
1914
722
1265
955
1759
1954
535
1744
1961
198
1967
591
127
1425
1248
1974
1644
1111
1659
869
1541
1673
899
600
1387
767
1505
703
1007
1787
1257
164
1924
415
1988
1974
180
994
461
8
1288
1004
104
931
977
884
89
955
1335
921
1565
1562
666
981
1463
145
1970
1800
1869
1087
434
1785
1151
1710
754
105
362
961
1257
791
1592
1059
1661
1589
1746
1312
659
634
843
1739
1379
1593
1441
711
1961
1449
1563
361
1712
983
1111
1094
1135
894
35
8
783
882
1114
998
711
1954
105
1030
473
1389
1418
412
199
773
1739
1784
1524
1916
601
944
451
1423
1592
1699
1901
1637
1189
1422
1937
268
906
247
776
426
1325
1864
65
1584
1722
1252
1610
967
666
1965
1184
372
1648
1470
730
1450
522
1220
1513
1790
831
1858
1902
1225
1116
1934
1668
93
1916
1381
1897
1394
1597
926
591
868
1578
1862
958
522
1406
1037
1679
1210
382
1122
717
1525
1534
776
493
1180
1791
1928
1943
286
1182
447
69
1259
924
345
327
1108
659
976
756
6
1562
55
1323
78
734
1032
1896
1370
1520
1158
452
493
1115
806
1112
1970
472
823
1897
1067
1850
1768
1394
642
743
36
1509
1397
1225
683
1526
672
1543
753
1993
337
1968
96
224
1982
1058
299
1005
65
1588
140
995
503
792
1010
1609
1751
708
589
616
1183
1457
1506
663
559
1285
1721
1099
406
250
996
583
1219
1664
181
1964
601
1634
1716
1513
95
1530
1048
905
1604
693
865
665
345
1205
639
116
398
1374
1543
769
263
180
117
956
1293
1221
1076
1374
1808
688
780
35
1907
503
346
426
1716
1813
1697
1338
1106
1064
1316
36
1440
1788
316
1675
875
659
1568
267
505
349
710
97
1653
1092
900
693
1086
1965
1907
1474
63
806
808
523
1463
1948
1038
1534
1528
707
979
468
1589
985
54
1570
688
670
1651
1499
1776
204
1647
189
1891
871
1968
1479
614
468
277
1388
995
488
644
1051
1568
904
1390
1895
387
759
413
356
777
717
1767
495
35
843
391
117
366
1884
998
240
213
972
288
675
1125
575
277
1994
583
604
217
1784
989
239
139
601
358
1905
1719
1465
1245
446
1602
1451
1267
355
1307
348
1467
501
1190
160
300
724
1367
1258
898
695
966
995
1361
1890
207
294
1326
284
173
578
720
1673
1967
993
1911
50
1176
1375
1577
518
480
1736
63
918
1664
630
1849
931
1161
1926
1585
484
1449
154
1110
645
455
1015
1736
119
367
483
1649
1276
1612
990
1194
721
1548
560
1708
837
1635
1168
32
171
1124
598
1785
1739
949
420
990
1986
899
1785
1202
1363
902
1649
1629
1354
857
898
1297
83
35
1250
269
1052
785
1374
686
312
707
1111
0
894
2
1941
1948
368
452
418
1558
1920
1698
1691
1266
1636
1338
1176
1102
561
1007
661
1426
129
236
448
996
975
1220
236
1772
298
374
1738
1971
1346
1646
504
1440
1941
1846
833
218
859
281
1251
1358
1935
1434
894
1111
157
499
1446
1814
613
53
394
132
1840
1989
61
88
1735
1705
377
1194
323
1930
264
1508
657
1342
167
207
7
436
1648
700
1460
1268
337
381
1228
1855
1103
1612
78
1507
1659
1207
628
1806
897
1143
418
801
195
616
128
41
1645
844
1954
584
1705
139
1839
710
1976
1489
1211
1811
448
639
885
1202
1770
40
832
307
187
288
1861
1448
246
695
759
426
1322
1299
915
506
1847
1695
931
1870
794
1731
67
47
874
1507
1202
55
702
1072
1854
994
446
360
312
914
992
1376
1942
929
809
1360
269
1002
52
1886
1073
1035
1454
1453
1011
1623
1825
1142
851
1398
1994
1702
262
1432
383
873
684
960
1035
1070
58
1796
104
1231
492
792
357
2
459
1942
90
1701
208
626
1797
416
112
1096
1592
1299
1783
223
1218
400
1715
1776
946
1286
674
1085
1193
1468
1359
1493
396
1697
1490
446
166
1902
1768
839
133
872
1428
243
236
1710
1298
496
440
963
50
271
143
157
893
651
1625
568
178
1100
1029
1790
124
1118
487
1389
1575
1950
487
992
1069
724
1523
229
1427
148
1625
283
1488
272
449
448
1296
1823
237
1116
1146
1691
1988
232
1161
1599
318
553
922
281
1513
1755
1416
358
965
901
1482
498
189
775
605
1983
1566
982
349
1794
881
334
551
618
596
1196
1573
104
779
555
897
1857
1437
1810
236
299
1676
99
1801
905
1827
1010
57
1944
967
1208
337
68
1399
488
1924
1721
1189
1753
607
1160
667
1207
487
1629
1927
294
1730
385
1330
1042
417
1469
395
1247
1050
26
415
1612
329
735
367
1953
1008
139
962
1476
1281
16
1450
1688
515
694
905
1076
1301
1647
966
732
1456
1850
847
1216
1472
1708
449
1750
933
1877
168
1645
320
84
869
1683
850
1951
1930
1906
914
1710
1266
918
1959
638
1760
1640
152
1676
418
1345
1263
1526
1898
309
343
594
1317
1217
1117
1696
1212
1330
1978
697
775
63
1264
434
1667
1756
1021
524
221
1099
1376
1946
1714
1744
1493
1391
223
699
310
1579
1965
1512
1388
1018
1777
1991
672
453
1903
1043
1080
1394
804
1705
1324
871
1419
1270
1311
1530
942
133
74
450
1408
1672
265
1851
1344
618
553
1801
1169
587
1450
813
874
849
379
362
835
1268
1190
1040
651
766
414
16
746
1339
1555
1065
1136
62
516
1617
963
927
1924
973
1102
353
1724
169
798
1454
469
1826
124
1650
75
1857
486
1211
1289
188
1610
1125
713
1580
753
765
694
1636
742
1746
285
1131
1570
394
1101
27
1018
488
1351
364
1514
341
1604
200
1854
1702
1953
1546
602
1028
281
474
913
362
575
629
1210
183
760
1052
834
1195
752
41
1807
1691
1637
729
266
1712
396
514
420
1476
831
724
1280
1031
125
1329
958
803
689
130
169
1459
256
388
1648
74
420
1538
401
1210
457
509
344
164
331
1835
186
351
784
1047
1111
1128
1667
472
1611
1327
866
492
1635
570
932
406
79
411
1522
1867
145
794
1703
855
1680
1253
948
675
1876
1922
1430
1912
26
1559
1211
1036
1949
1841
1299
1980
444
750
1110
1278
853
502
1572
521
303
38
1033
1563
1430
890
260
1135
1276
348
205
1194
1307
536
623
929
736
1104
112
1016
384
1180
38
1757
910
1425
1217
1962
1129
1857
1177
1990
942
1884
1799
282
1822
276
1468
1442
859
975
1095
1943
1866
1706
351
735
1401
1484
1377
173
117
118
1494
1371
1890
172
823
101
508
1742
1441
1207
1069
1001
939
791
924
929
1399
1290
556
294
982
148
126
261
261
365
403
929
769
578
1143
848
1222
1516
781
1324
814
1202
579
993
776
1825
836
1925
1897
296
501
154
1933
465
1274
1550
519
1395
1019
755
1189
1519
402
1452
335
1628
1144
1362
1083
1675
1472
1468
975
1253
41
881
1918
785
33
307
1295
1356
1935
1577
713
1736
447
794
965
1352
1711
421
1850
352
1861
1850
1313
1026
1081
298
745
880
1301
715
171
113
488
103
136
1733
290
867
679
1608
470
607
1804
737
1549
1046
1557
59
1474
672
1738
1134
1916
1818
1895
1155
1324
333
801
828
1696
1713
1047
1146
1474
129
1374
1762
1972
1296
1254
1705
14
1993
72
934
923
1241
36
527
1505
600
1275
225
7
160
1251
371
1334
32
46
496
356
492
422
662
205
640
1266
1183
1375
235
882
35
1972
1253
202
39
757
462
1236
1928
1125
321
75
1157
1542
1928
103
653
1690
1429
1055
1786
1815
1794
1503
1278
1390
1809
289
950
1110
1746
1472
425
1137
756
1044
1300
20
1512
365
1387
1479
1664
1524
1831
1824
688
214
1967
1770
1097
577
740
1045
1764
1748
902
1639
1291
1871
58
90
1307
1726
1662
893
185
1300
590
1714
1957
925
1877
789
1514
55
134
1906
1117
1556
162
249
865
310
1943
476
164
675
954
142
1724
360
1914
1479
415
1539
124
493
1973
1411
406
1735
297
222
1871
1351
1615
1729
1944
1430
653
1747
327
666
1304
307
1381
490
1064
1564
1828
1487
1619
376
1969
1510
1995
696
629
1405
1951
1232
1162
584
1330
734
633
433
1330
1340
851
1168
1137
1208
273
143
162
1821
780
778
1198
1797
201
1615
1458
199
962
884
346
1387
1252
1151
1704
1899
494
674
1973
49
1643
915
48
435
1192
495
217
1027
1604
1214
532
151
1263
927
1820
1942
234
234
10
1749
530
987
1038
875
1702
476
1729
172
525
1179
169
166
517
1024
46
1401
832
1681
9
1557
814
1893
508
1807
1866
1963
1610
802
1684
1937
438
1924
1653
1453
1350
1114
945
1119
1605
1911
1204
1467
1469
392
934
682
558
639
363
1285
145
1462
453
204
1000
1706
434
1395
1707
1436
1804
556
1212
1443
1711
970
1912
808
1527
5
904
827
760
465
1565
408
134
1887
618
998
836
240
656
212
1525
1795
1221
148
751
534
37
38
427
709
1206
1154
1452
1996
1407
1405
252
287
503
683
440
510
1461
770
562
77
212
1306
685
154
218
1402
1087
1690
163
1251
1745
817
493
1958
1755
856
1028
1066
1891
523
1947
1612
142
1357
1189
1362
255
740
885
1718
1901
1357
1766
1372
274
1914
406
1768
1664
998
858
308
319
1981
811
806
443
1144
171
1305
198
775
303
23
26
1664
1080
1581
137
429
426
613
310
81
299
597
779
1698
1541
1103
1914
1872
1553
1915
854
57
237
727
359
1344
1576
1078
1140
1714
1574
1414
1424
345
683
1325
1188
903
961
122
569
651
1248
1638
1332
968
484
1209
1117
730
690
548
64
110
1280
386
753
1530
942
974
891
118
986
720
1634
1531
968
1833
1753
866
1597
1953
1167
310
16
823
601
884
336
868
1176
817
729
1904
515
1771
1573
1024
794
990
1856
747
494
1435
860
817
1448
681
321
881
58
1889
607
663
1915
1881
955
422
1732
1869
1988
909
749
1718
1019
337
550
565
1796
1830
1592
628
208
842
1927
1112
286
998
1169
1097
1818
421
1405
1005
1131
1214
1425
1232
134
108
1678
1168
1152
69
700
780
1023
1692
744
1394
1207
156
193
1708
1520
846
1434
1721
1299
373
1776
246
667
1208
1177
199
926
772
1219
766
1571
1456
868
1235
1908
819
177
354
21
1474
1319
1912
1555
93
756
671
773
975
1223
1401
1137
1287
450
1530
1506
1309
1336
502
1042
773
1021
1264
1811
1786
344
860
1733
1621
1217
1322
1049
1383
552
10
1370
425
120
1031
1229
1239
1280
1778
1350
273
1913
1079
200
526
705
1386
1299
177
1744
858
1557
1312
1754
1398
1461
1431
15
345
1717
926
407
90
612
1312
726
830
1100
1871
1623
943
845
1518
1380
126
73
541
1757
1670
879
605
667
1804
1844
1305
861
1965
824
1060
1379
1616
1896
1736
1204
1867
412
751
711
951
1368
1332
708
756
1973
861
21
536
402
1722
1462
287
470
587
1968
1022
839
1580
307
1945
997
1150
918
995
887
1143
1135
1791
8
894
1822
1154
1651
843
1606
1334
1354
1601
607
657
1865
912
888
1837
1416
197
562
1576
1997
1850
320
1675
1455
230
564
1963
1579
911
1523
753
1026
1385
1668
20
118
458
1005
1772
1478
1877
1079
1698
1440
1413
1198
451
895
20
1408
1298
1481
1038
231
972
214
799
318
543
748
1912
647
699
923
1024
1723
1520
897
937
403
296
189
209
401
1775
1518
1076
48
919
1180
1328
760
297
379
1173
792
1787
776
1700
169
630
1834
460
1007
880
229
1885
1304
239
1892
843
28
1320
619
159
1798
1936
1262
790
1203
827
936
506
454
1102
1250
679
462
1766
1286
500
239
1562
600
1963
794
1622
997
1539
1561
894
592
964
1016
1841
1655
832
1003
1746
1918
1407
1629
422
842
760
1457
1448
447
541
1879
795
829
1275
268
914
1977
841
178
412
77
716
1078
719
507
1474
1175
1933
1520
90
775
1754
284
1630
1402
1323
1597
1401
1617
189
505
1723
960
1043
1904
818
510
481
1981
352
976
1308
1447
1157
975
1329
1519
431
450
1100
778
439
1281
1351
1933
895
1709
1123
454
1567
1716
1382
646
1220
286
267
382
1222
1163
1356
1037
573
385
390
1058
758
1063
1158
75
40
628
1178
1260
232
845
1704
1795
1815
1353
84
1459
1438
1562
1459
177
1219
1006
1347
481
1052
938
408
326
1553
51
1244
1681
1836
1238
366
1151
996
1376
385
1093
1670
618
375
1269
589
1953
395
325
234
1555
1776
1157
1484
1269
169
199
1400
1312
1572
1189
1533
55
682
62
118
1580
409
890
499
1751
1382
1676
1738
1075
1005
768
1210
1338
1682
1500
595
1735
682
808
1733
1891
232
0
274
579
253
1547
1488
1806
742
1584
202
54
1896
34
2
201
1924
1717
1031
1504
301
1401
1600
1435
684
994
192
1118
1201
120
1191
1167
1797
510
433
158
1636
1846
15
204
1270
284
4
1271
1042
1569
1867
1338
1260
1997
1423
527
1848
953
1618
1082
885
1681
691
96
282
206
1518
1267
592
796
1932
930
84
1133
374
1604
1610
1494
1301
1962
1246
1769
1097
1419
729
518
363
1091
1213
359
771
135
253
601
642
142
1240
173
1642
770
1490
1094
1839
640
769
1995
1004
421
1139
1420
30
89
777
1610
959
125
1418
868
1157
1796
1202
1152
1424
1852
1659
851
1436
1181
690
1792
1957
44
863
207
214
723
203
1602
1164
1355
1016
651
1065
1564
859
1734
1833
269
710
406
862
1223
868
1378
661
519
889
1778
1419
1480
428
1204
1006
1564
1359
992
745
173
1699
1392
1226
1060
1709
1164
1988
1620
1232
1330
540
698
842
495
442
310
1998
813
852
1748
1029
30
1921
537
575
1655
753
489
1751
267
112
297
305
1212
1267
333
851
439
1856
1426
1225
198
372
88
504
794
624
1917
1153
1248
1121
46
1979
623
1316
1347
5
1833
1578
793
1253
1337
1556
1871
1516
1241
1746
1910
199
1553
1798
1756
1257
713
1913
1568
1014
472
212
1613
1805
1281
1336
1143
373
1713
261
1220
1530
1186
1514
1902
1544
1771
1458
841
1779
858
369
1429
1656
609
1979
1087
980
1629
1884
570
199
554
568
541
1671
435
1370
1147
1276
950
1782
1504
1449
503
340
630
1293
555
1243
554
1379
1167
243
787
1586
308
413
995
466
1618
1688
1028
973
122
1233
881
1468
353
1110
510
474
1914
373
1259
1860
1940
1197
788
430
969
739
569
596
918
1303
1049
1633
1460
1330
1307
1965
1254
1280
714
1427
1922
1359
1535
1247
1264
660
999
1312
1813
1381
1147
144
1777
464
553
1017
1728
1967
286
1907
843
1013
1067
485
1384
221
1500
424
472
1140
1657
482
1895
1362
1867
36
1897
872
499
1809
569
1708
402
515
875
1669
416
1886
417
1380
1439
533
8
571
513
897
1535
1614
1671
1187
1845
170
657
1380
554
1719
1400
314
241
1038
81
1237
348
1421
1070
1134
1045
1703
985
748
542
909
324
1049
797
338
691
1507
972
1069
1140
603
68
1033
1349
682
1552
498
128
1188
787
1390
895
1486
1176
1390
520
473
203
1549
1723
1041
1902
173
1155
762
1483
1852
881
1462
1059
375
1386
1251
682
99
373
982
1292
1585
1952
472
890
1900
306
1621
1366
786
1463
1184
1259
954
165
512
174
1723
1891
621
115
916
1174
46
1816
951
280
250
1075
1021
462
1035
715
506
1317
1972
1769
1133
1301
205
1062
1197
277
361
1091
590
147
1433
1311
1909
367
270
949
958
302
574
530
539
1669
1180
567
1941
319
1624
295
698
762
650
1948
586
1961
1037
194
539
577
1735
999
573
240
1641
1098
1458
46
1987
302
1306
926
12
215
877
1600
117
823
1296
670
1414
1799
1457
154
988
1367
1373
365
704
1519
729
1286
1227
898
588
358
476
582
47
149
12
939
1766
14
599
1175
1767
1982
282
1697
50
641
1367
535
582
423
305
1832
777
679
241
1033
383
1879
418
632
1483
1562
1577
1895
1513
1889
1430
1816
1409
1858
679
100
922
1219
572
1271
1611
1232
745
435
862
1489
971
395
709
342
476
1209
1604
495
1593
621
542
1697
1488
786
708
501
1770
621
520
542
35
926
1830
603
296
939
587
764
430
1512
82
520
1907
48
915
1053
1621
1284
1268
644
788
827
1175
998
832
1463
925
1163
700
1662
790
866
461
33
1850
1946
682
1834
496
1459
1267
312
1274
555
470
273
804
1074
1563
666
1309
761
1143
747
877
1483
1522
238
678
827
30
1153
922
1062
208
886
1530
1662
1368
1731
979
122
260
1590
469
1143
1892
1758
220
532
29
1592
561
1081
187
839
271
248
508
1844
404
1493
454
1603
757
1794
548
1715
1174
1861
957
1741
57
185
805
290
1415
1526
1582
1650
617
621
76
1537
477
1712
1946
1968
1205
1407
1637
219
924
1433
1364
1518
1444
184
1883
1139
1111
1094
77
730
183
785
1817
1556
1417
247
1462
1895
1581
1279
1180
220
1393
27
1052
1025
1628
1035
385
662
1753
709
938
466
1931
153
1109
944
1758
1352
90
98
1073
1943
177
484
180
1802
1076
724
1943
1403
778
341
1196
373
1954
1740
13
56
357
850
1010
817
449
606
248
1836
462
1042
592
1358
48
183
140
1116
114
1189
446
736
761
1921
210
1326
997
478
507
350
1033
839
20
513
736
489
273
637
924
1318
1968
1857
50
653
1033
640
1190
331
602
215
1676
403
1188
62
395
1126
1116
705
340
1978
1856
466
240
647
1295
101
552
1945
816
1422
270
1369
1279
978
370
1180
727
899
1109
995
13
448
1675
994
1096
1686
1293
1256
633
1041
722
1397
407
1932
1797
472
806
531
1941
1369
1704
918
615
1234
66
647
1016
1336
1019
1976
1405
1225
827
1105
188
1812
1173
616
1398
1661
1738
1756
1463
42
569
1938
323
1897
1214
258
757
629
1691
416
844
494
590
906
1140
1650
1874
764
23
1655
714
1130
1512
823
165
1121
549
1568
1063
1152
299
1620
784
200
285
1528
1153
1224
564
867
1500
1286
625
1689
611
357
1229
663
1418
782
965
579
770
88
813
16
1299
188
1987
309
1719
144
1722
1607
1115
172
1476
159
829
1676
557
285
1323
596
1626
665
1756
1964
1556
1342
1409
8
966
935
1970
1188
887
989
636
964
887
203
1489
739
1730
1067
212
783
1173
1805
1975
1133
374
589
189
1937
1218
413
1157
1199
470
880
552
348
1521
101
1239
862
159
1755
1798
324
1655
653
688
375
230
87
657
1533
986
200
1620
1471
624
158
280
475
158
1996
606
1198
1572
1551
1350
1412
1933
1213
582
1142
964
49
1970
146
1051
828
187
934
391
872
1861
1863
354
33
38
40
820
209
196
1873
508
1608
70
1472
541
1765
1110
211
1533
1141
259
1420
1348
1472
1068
1077
1941
405
1839
285
1345
1018
1413
1338
1628
622
927
174
953
1841
52
415
788
1676
910
365
951
172
645
1671
276
1117
1199
1825
485
1866
1045
1794
1710
1790
634
1428
562
1769
735
588
88
522
1140
823
1488
404
1034
980
885
786
291
179
907
1285
1884
1861
1612
358
1925
862
1005
865
637
670
894
18
1181
1359
1817
317
1513
1367
528
1166
1235
727
1128
16
1139
1691
1042
965
1201
1890
338
1517
678
1253
1835
590
658
298
1981
288
973
180
585
1996
551
77
1155
1112
805
652
700
1283
587
1535
1864
1402
1569
8
28
1434
1443
482
1516
442
969
1564
164
1162
214
1960
1424
789
317
703
878
553
1694
1106
1239
285
1584
191
684
310
903
580
713
141
559
224
1887
909
877
503
195
937
1088
832
120
1794
829
1749
1881
948
1345
1462
464
131
580
1578
1310
506
332
857
648
1146
1623
447
727
1430
797
1584
203
1894
1636
1998
1000
1671
1198
1688
1080
819
1042
1710
1104
798
73
1802
891
1372
1743
309
1640
1279
520
321
1683
709
1933
1156
677
103
1414
276
1804
0
906
891
1972
1450
1677
47
115
344
1724
1539
8
1580
851
1644
292
1939
241
222
806
1753
1120
1209
129
1295
1236
487
1510
269
1019
681
1885
879
1396
1571
612
1070
944
508
1942
1956
1070
1018
1285
227
1254
1580
410
1669
1958
179
1700
1834
467
1173
56
1803
1348
1311
88
1202
290
1575
1561
1346
441
1153
887
1099
231
1344
1964
206
1379
231
118
1018
913
1378
775
1915
1851
882
1223
69
538
684
1832
385
242
1176
1018
23
1889
965
666
1086
1440
1509
627
952
1493
69
228
186
494
694
380
596
1946
792
1788
1635
1956
99
1444
186
1271
734
1085
389
110
1240
770
1107
1980
1816
1868
807
945
597
989
1857
1856
538
1329
647
1666
806
1168
307
1447
73
1264
86
102
1389
1199
1350
1743
1457
1359
279
949
649
1023
1722
346
1269
838
1101
122
1885
271
1539
1376
1952
484
1560
1617
1565
1362
1590
302
105
699
221
810
453
1928
1870
1931
374
31
252
1485
1404
1818
1102
902
78
755
486
961
1787
430
1811
1415
1529
419
1581
634
864
1348
1653
659
1368
1242
341
384
1205
127
1759
1429
765
1320
1277
1091
1312
991
431
1291
1343
372
659
1910
669
1908
528
826
1999
1231
1693
1255
1974
1387
1802
982
329
562
3
385
908
1610
736
1386
790
1195
1827
661
1614
1368
1278
1617
1255
1122
833
1162
1289
1331
117
1924
1667
862
1335
1355
548
1582
62
3
1003
1694
645
1701
421
1817
1617
238
521
1120
45
314
1910
508
828
520
84
728
1803
574
1766
238
1861
1769
1372
988
1427
201
1104
679
911
428
1495
1023
1891
315
332
1487
751
13
875
1033
623
1421
977
1229
1577
1810
1326
356
1599
1919
1252
1688
252
535
1860
1837
1084
405
1591
727
1537
116
251
612
566
21
46
1213
339
942
1320
312
745
1901
465
1727
956
1099
1236
1330
128
1055
1346
1121
38
1521
1667
1570
1187
1739
25
1903
350
105
1089
409
1147
820
1532
67
854
29
740
614
1765
1991
1775
902
1001
1655
413
293
629
433
509
21
1399
1561
257
207
1290
1292
1044
1782
1768
253
1730
1715
1335
419
1858
761
1871
332
211
1070
1906
712
1120
1020
1998
1416
1313
371
347
1735
302
1309
1480
1597
558
895
470
440
852
569
1350
449
1740
1991
1412
53
264
757
5
88
368
628
1648
1409
1982
1407
219
1810
1630
1508
606
1505
1469
1330
844
160
917
93
1220
1631
266
1049
1900
187
1829
1236
1102
1269
1433
800
1027
388
276
1809
1349
702
1760
146
1606
1114
318
702
1185
1983
1474
519
1486
1146
1189
890
1564
239
704
223
283
1800
928
1193
1434
1658
628
433
886
1447
1793
721
43
982
324
401
833
806
1472
801
864
507
616
1596
574
282
1681
1436
492
107
357
1015
696
919
1619
1863
1786
237
372
1295
949
802
1983
1365
815
1585
792
849
865
1728
1703
1141
1487
651
768
1556
687
1987
1551
514
489
846
1125
1704
594
204
844
278
1260
1302
1931
1861
801
310
401
1416
1248
891
806
702
579
1847
1823
873
894
1264
1806
1344
244
53
1596
1646
1501
642
217
280
81
1797
1191
1764
1268
342
835
808
1697
1702
509
1714
176
612
302
882
166
277
170
1162
1315
243
834
830
357
912
1287
634
859
485
687
1440
606
787
947
1222
1103
975
752
1374
126
1295
658
761
762
15
1270
1227
1406
1481
160
452
993
1246
1711
1124
966
654
1057
745
1277
985
1053
1361
4
510
336
1387
1266
542
817
1852
1088
254
853
1831
43
1868
1692
1089
1200
1732
1901
724
821
979
1672
66
500
1845
218
807
396
937
992
247
212
453
1656
1561
6
154
620
139
610
648
1800
577
1401
1863
1950
1525
1125
1933
972
515
1150
484
1780
543
1682
95
1560
413
1543
861
1953
653
1387
1715
1813
1015
878
801
510
752
735
1673
1410
493
513
428
1769
1314
1005
1389
343
1651
392
1167
1701
1109
1378
589
656
524
211
407
810
342
617
45
1804
463
635
494
123
791
877
1809
505
1898
1014
1672
1763
533
1325
1594
816
422
466
1827
1899
53
1487
855
1820
662
217
1464
1972
1928
737
1986
465
60
1500
1518
247
1150
1653
931
142
822
1313
1980
1086
196
1508
1624
697
639
715
1806
1851
1233
61
1208
308
1001
50
1344
16
1619
1993
1541
1503
802
910
1712
933
631
1449
1788
889
1405
1888
164
1042
239
1465
1195
1616
833
255
1928
495
1385
1428
1537
1453
1931
1286
695
741
1695
1587
69
247
1843
601
451
1275
1661
958
1267
975
470
443
1986
652
1194
653
1837
1893
534
1869
425
1233
1151
436
1192
1655
466
1502
87
745
1361
1954
94
593
1527
691
1656
759
1595
1412
267
549
1639
1054
1347
320
1970
339
1466
558
430
1943
1640
170
1826
1471
466
1607
933
1853
1302
932
1391
1916
1764
317
1491
881
1807
1263
1840
1334
1733
1860
1778
872
880
330
1263
334
1032
860
84
301
1573
322
676
1911
458
1791
950
1268
1061
760
716
1036
1753
1115
637
1171
554
1709
396
310
1636
31
1413
920
804
706
1989
919
1100
1851
229
1292
566
676
824
1365
1406
92
696
1484
456
1379
456
1995
1213
1827
87
530
690
1611
1098
1586
471
1490
973
586
1056
1649
1707
112
909
1622
915
750
1640
784
1574
892
55
241
191
1700
1128
941
1507
6
1048
966
1171
1486
899
504
1716
1235
1519
587
1524
1611
1815
242
288
1296
503
1140
798
558
752
1996
809
1840
1664
205
1124
863
502
0
950
1093
1634
1807
1307
735
1971
1399
1865
695
130
212
1157
994
1357
581
1861
1450
308
579
254
1957
1933
747
1632
33
1285
1970
1862
1419
1961
1691
1810
459
1394
625
1449
1633
471
164
1253
1888
1559
1719
890
1739
1976
205
1355
1864
1082
324
985
1320
1119
642
353
1259
1693
1142
597
315
396
1420
1674
614
716
1341
1490
515
750
1706
391
1235
782
1121
541
1573
1464
1954
699
201
1561
991
22
51
1297
1769
865
36
1536
134
1861
1737
1321
712
90
641
547
1158
30
273
349
1149
621
245
672
317
216
1592
1934
1617
488
424
1818
141
515
562
1662
583
1627
397
263
991
716
989
1508
217
354
1718
1914
1453
1553
1245
289
1375
624
1288
1138
1670
236
737
388
124
1377
73
120
1392
903
534
482
279
1337
572
911
1656
292
1110
1380
586
1316
750
185
1338
1883
1764
1173
411
214
9
1974
1932
1789
1440
1021
1209
1882
1
387
1771
401
141
1858
766
375
414
1886
316
500
186
1148
1108
695
1789
474
1310
1984
1314
890
1167
597
8
1831
1109
1027
258
211
1992
1789
270
820
166
311
273
3
636
591
1054
1374
8
706
1474
1896
1277
1180
478
1967
79
73
1485
994
148
1030
1503
91
409
1130
457
1587
531
417
17
671
297
1205
1650
1119
1968
440
298
1295
1760
171
1654
1228
627
1862
821
1624
1300
24
244
635
1766
163
85
1885
1074
445
1571
631
1896
1686
121
1801
1114
984
352
871
1306
1675
28
328
167
473
829
758
310
1981
1361
1023
719
367
1150
1451
1953
905
617
411
1610
791
737
28
1099
47
238
362
1151
1284
417
1984
1695
1851
274
818
27
1875
1944
177
1611
88
1186
749
391
1314
100
965
370
609
1361
165
91
1617
1557
546
810
1948
1512
1771
364
90
651
1826
290
1867
1036
1360
220
70
1461
1608
103
883
339
166
1410
1920
1985
122
738
717
1999
1093
1295
1298
850
1358
325
422
1429
879
683
1663
700
1340
684
245
91
120
968
1815
1628
1145
1711
355
34
737
856
844
1050
1538
1695
928
1187
698
1136
1577
849
445
1218
1879
685
53
726
1682
301
1014
1496
630
339
1751
119
392
1545
67
1475
1141
1910
1752
1609
283
1971
1084
392
1773
540
281
1860
594
1440
1421
860
1094
1834
1840
1197
8
1122
524
734
417
1769
905
380
451
1268
82
144
1078
1669
1018
786
1652
1526
1246
166
73
1400
1896
1456
1546
1489
292
946
1118
106
1240
286
628
1249
824
841
837
1416
1615
972
393
1239
814
256
180
1841
1456
1906
946
814
1175
892
1767
1370
569
1050
439
804
1089
512
1067
1449
517
493
329
826
936
293
356
563
1872
1184
69
1250
450
1123
405
657
1353
1466
1479
791
1921
1681
225
675
460
213
1339
1673
1583
789
123
1534
1584
1139
1372
1051
1529
1270
1377
154
629
1352
1662
355
1853
17
1732
1399
1076
332
1692
415
1325
991
1593
1242
1157
447
1128
278
1113
42
1123
1206
450
1269
632
1991
1674
1057
972
441
1200
493
109
1603
461
1918
761
161
363
1309
217
400
1273
1108
1076
822
359
1217
1933
1866
676
380
1785
295
310
641
4
517
796
339
1684
3
1250
781
489
718
1480
376
1215
110
325
1845
844
101
1461
1077
437
1128
1244
1956
892
83
1337
1525
93
1436
708
1527
772
544
1099
564
365
712
1853
800
543
687
1842
113
82
1668
647
612
228
429
1575
1961
1319
1631
266
1178
730
1869
1268
386
1458
217
1662
439
601
1592
1402
1085
663
1727
240
775
44
751
888
1950
327
1319
63
790
797
1020
1492
549
1526
1320
62
1622
1158
181
1234
1092
140
1151
935
1558
1799
1244
818
1159
193
924
1963
368
49
1942
651
625
1128
1126
1086
707
613
1356
1029
171
1097
1603
377
1604
517
300
468
1763
1812
1097
358
935
1569
790
207
336
1992
1094
699
93
1740
138
763
536
592
1280
793
670
1237
1122
1051
126
1236
1942
562
1619
1108
882
1187
1282
1618
1280
1398
812
1591
404
614
1333
1653
1159
1827
1348
330
1026
110
1643
379
575
607
1284
356
1999
1478
1000
1751
1812
1995
1195
1985
1789
638
1362
1417
1912
853
1270
61
731
1200
384
669
668
39
1077
363
535
517
1407
281
747
880
544
434
1013
1076
1007
1279
399
454
1345
1315
1189
1861
28
1464
818
1916
294
1109
97
39
1498
1993
298
876
668
1020
489
1430
1244
803
705
1927
1159
179
1961
429
1999
3
1913
1390
1956
1367
1324
773
1466
1063
1418
1316
1617
1849
206
892
1512
1966
430
381
830
1944
1145
560
358
1021
1179
1502
1470
1013
1805
425
1758
584
1920
1634
42
1292
242
1290
155
1736
1524
870
636
41
725
1876
981
1878
1189
743
56
1945
1768
1432
181
1085
1600
1046
633
1985
1555
1577
1002
1450
1624
1321
266
1376
1490
958
386
1908
836
1927
1426
1086
1680
1226
856
1876
897
99
811
1728
203
824
783
843
1190
1617
1728
258
181
497
761
1960
1697
1295
671
407
1221
1107
224
32
1318
1071
1505
140
61
663
1457
893
1941
1380
132
1690
115
423
1919
769
89
710
1135
413
1448
277
1789
1320
366
563
1853
967
129
1068
1017
1726
1503
1294
1852
1084
1529
1874
1366
1362
1944
1267
672
1329
1149
1020
291
1850
723
45
1050
1203
1916
1721
1988
490
738
318
1738
1955
82
1707
375
1142
1715
1548
1606
1807
1102
1744
1232
834
1663
1276
858
1761
1265
1942
883
80
470
1251
1923
454
1501
486
1927
760
317
611
342
781
1960
1408
974
1474
1011
1977
1286
473
1118
1973
1305
1277
465
1741
550
1488
702
545
1095
1262
1117
1155
1589
519
1327
1584
383
1479
405
640
1859
42
344
1333
1619
357
1004
1413
1727
169
1366
1755
1001
1431
1345
669
1273
1103
1833
974
1091
1637
8
782
1566
1230
1940
1340
549
723
34
1302
786
1261
1641
1741
150
130
1862
800
1942
1857
893
597
358
236
29
1253
1812
435
183
1334
1043
1841
326
764
681
267
517
1468
771
1297
1873
1972
1808
1972
803
1499
992
575
1901
1000
1582
912
263
1933
585
77
734
1899
315
1307
968
124
720
1726
114
1721
1533
427
1395
630
1793
1699
228
924
1222
1685
267
1572
71
1542
912
276
1875
675
1583
1404
275
124
1116
1356
1320
369
1576
331
1140
1166
1852
39
1128
1678
78
1467
116
94
1557
1506
381
1504
1564
992
1574
337
1928
904
1175
723
831
1846
1434
1783
355
1708
664
472
665
1514
687
1701
633
1770
377
246
1786
1201
1014
1872
1240
1223
1169
960
304
1018
89
1346
1956
1417
1941
418
116
883
1210
415
256
1202
103
671
813
513
1977
243
1562
1236
1354
353
1061
1742
1942
1509
1329
1846
1508
0
1963
210
1662
1771
247
303
1698
739
686
136
159
97
1190
252
1506
583
1207
1827
1
673
800
1477
257
1674
716
1633
554
96
297
85
476
930
1334
109
489
417
994
1664
272
26
1923
825
403
392
10
1534
1974
64
870
1766
214
1043
459
725
1047
196
1117
1607
85
910
1010
1381
246
173
1882
1341
1426
839
516
1511
519
14
1356
542
366
1485
1308
136
868
1870
992
1308
28
1585
1638
1151
1785
59
1425
586
1234
717
1534
1388
1613
1541
1251
1998
1506
422
236
988
857
1215
1701
1656
1596
1346
1498
1603
801
179
1484
574
1816
930
244
264
1276
581
899
1428
1740
1260
971
741
42
363
1311
552
15
1708
658
850
124
544
1082
1480
479
1792
1919
1399
175
174
631
1655
168
1252
360
902
1716
1561
1479
1428
757
289
479
1981
175
1080
1505
941
1449
1063
12
849
1889
1585
1375
327
1330
45
1616
474
1266
1598
631
1824
1469
972
711
1878
1450
172
1428
1225
813
1794
495
1835
1303
1675
572
434
23
1064
1273
938
1674
1162
1206
1951
1713
211
51
655
237
1761
518
271
1871
1763
5
1802
949
894
1288
989
668
816
241
1378
935
470
457
1411
1966
1578
962
1575
610
1459
107
1209
583
468
1524
1422
269
79
412
259
603
776
1551
121
852
598
561
913
796
1975
764
907
594
1908
1829
555
748
310
1718
1990
645
589
1374
838
450
1036
13
222
441
141
1670
1868
236
1937
732
1053
481
908
321
244
1479
1775
1379
1270
1162
887
336
54
1047
1412
148
1041
638
1012
1018
1085
34
739
1355
1460
1995
321
1238
1281
1306
1376
67
858
1764
1926
1290
296
972
1226
1573
1374
182
533
508
1451
885
688
1297
1382
1505
1058
35
199
170
1466
1303
1738
1315
1486
249
952
19
1981
724
1152
1559
1463
743
1690
1069
1280
991
398
1553
494
1154
797
1400
1179
636
368
974
94
1530
259
122
1208
477
677
992
1853
1081
860
1039
993
880
417
1837
1382
1241
1250
1852
1652
618
1137
871
216
1234
724
376
1289
1484
85
883
694
1993
1089
1230
654
33
271
832
1305
31
1143
9
1041
908
1963
1795
756
357
1110
1277
887
1540
1846
1533
1266
1975
1424
1105
612
433
1902
1165
1044
1594
737
1879
1289
1067
587
805
1710
1416
1004
642
233
449
1939
1537
874
1421
246
1769
330
553
1025
1736
32
1901
622
172
1311
1635
621
1705
139
772
1965
831
196
914
487
1219
829
1370
358
1436
1533
637
936
143
841
573
610
1975
1452
1194
1776
1736
79
1210
1405
1373
663
1156
1338
446
491
277
1798
918
749
859
435
442
1562
373
1133
1674
786
1667
1324
799
1761
1677
1019
1537
1552
151
1817
728
774
465
921
379
809
571
177
901
1021
594
559
1916
645
1673
1694
1038
1228
10
902
979
846
689
1850
1366
1649
860
380
1488
1526
1917
1185
342
1206
964
1470
1504
683
610
146
828
1144
1724
413
857
306
646
323
1939
840
801
1885
460
915
1837
1833
1498
1536
1642
1806
767
827
418
411
314
1398
392
1078
719
1735
463
391
1614
363
1243
1965
172
310
1124
848
1441
925
1763
310
611
123
220
1346
882
241
356
64
706
464
1534
979
746
267
980
1717
457
1692
1632
604
484
993
667
1308
825
339
823
1101
1538
1361
950
257
522
192
1770
151
578
171
1118
1279
1933
1438
1871
1747
1960
152
1053
717
1755
910
1156
1643
493
880
770
304
1116
1059
759
283
1664
1759
1282
1332
1574
1918
449
1656
1773
1840
1234
750
398
1869
1415
1442
581
200
1250
1523
1715
1562
172
415
678
242
44
278
24
1455
445
216
1738
85
1443
1489
142
237
1417
1232
1342
839
517
1156
1286
1001
1418
1552
1098
1280
1071
1927
73
1990
988
190
437
33
1363
1783
299
836
480
1136
1668
1199
554
1006
1471
809
265
828
453
1387
1717
1103
1256
1045
1761
1542
1438
399
1688
904
1058
618
135
1024
1546
1843
393
1855
1210
1852
1418
1914
328
414
551
67
1222
936
320
1412
573
1289
167
727
1403
953
1962
1356
139
335
1062
1030
1440
68
1355
1338
137
674
1998
96
1068
192
232
1712
53
1875
1845
1485
967
526
28
513
21
1559
1716
1934
1196
415
1857
478
1548
842
1740
1243
828
815
344
595
1122
320
1967
156
923
138
1161
1923
438
694
549
194
183
42
1636
467
1990
1119
1069
585
887
1231
1333
1436
830
1387
1969
1214
1038
723
906
1164
531
484
1903
923
1098
757
258
1149
625
1334
632
80
1302
870
1018
1638
1096
468
1495
1017
483
1502
1254
884
189
1471
307
372
949
1387
918
751
1854
1374
1167
489
378
1494
410
1012
1975
142
886
692
1464
1971
472
1234
170
1095
1057
1768
34
1420
1697
1115
1599
1258
1936
1984
582
1239
1388
745
1381
1200
982
1268
115
607
1232
752
1480
1781
417
1351
65
281
364
1860
719
171
1419
128
869
1512
1429
1434
1119
1796
348
1633
1447
770
379
1755
235
172
1155
1494
1489
70
731
1874
40
210
1602
1511
63
1808
773
468
1598
1983
1023
516
1445
1587
1755
39
1576
999
909
942
537
1939
444
778
485
815
1741
1708
1231
1955
907
1480
1989
315
1825
309
596
1812
1704
218
1466
339
474
1180
103
978
125
1019
1994
1888
473
100
1406
207
1526
1265
743
1089
1282
245
791
711
1434
1792
900
1993
80
1130
859
486
1854
1090
325
31
1852
31
1594
1961
1660
1264
1376
1972
134
1950
1102
1337
704
1336
828
56
262
372
1963
1256
1915
756
1824
1474
1380
413
702
1891
489
170
1605
1311
475
432
1400
999
424
1168
958
1123
504
1749
737
894
361
373
1516
1740
979
1650
1684
1872
355
225
1759
296
417
942
674
1582
1184
467
558
1425
1377
1760
1831
644
1174
1221
133
850
16
1853
686
1556
1562
286
1848
1537
108
1348
1353
1997
697
1531
1478
942
449
237
562
1607
609
569
1540
261
1316
1725
1427
986
128
1374
1859
1855
1363
165
1984
1332
1754
331
713
806
285
696
1483
233
1457
474
391
1464
260
899
1973
830
646
1167
357
310
101
1784
271
821
937
1501
224
1187
1525
757
918
509
431
1908
76
787
954
67
367
821
1798
341
1090
681
1770
133
620
1055
1635
1772
1181
1628
801
861
450
1488
1022
133
661
1527
894
555
1308
432
236
842
534
542
1169
1018
194
1157
1704
675
431
1339
784
1297
414
1381
1524
1325
285
1699
395
1400
1587
244
1414
247
236
1561
865
222
705
648
15
793
1678
113
1297
1301
1857
993
788
1562
1590
1388
267
1410
1515
290
1924
1214
117
1651
1495
29
815
1650
301
136
952
302
469
159
39
285
690
1649
1861
1730
25
99
1578
45
1774
34
396
1090
1504
1251
1902
1054
1120
1254
1243
1762
1508
593
268
679
9
536
1111
1067
293
1862
222
1838
1631
831
1859
1522
488
1797
1849
664
1580
1181
53
1917
1612
117
1141
1684
1327
38
1177
104
1781
67
688
1554
713
1640
546
547
1558
443
1083
329
1196
1611
1232
515
1831
1930
149
786
1897
1106
1037
834
1564
1662
1739
1870
877
1119
1030
1554
1847
1390
1815
1096
147
237
1233
368
211
1848
1507
958
1202
1293
1015
596
329
1128
1028
495
1659
826
1700
1913
551
1985
299
1219
181
319
1529
384
1500
1209
192
1243
319
139
615
1774
619
212
1032
1363
992
1379
873
1668
263
987
1084
240
814
324
1492
1678
336
1829
1559
820
534
545
4
464
702
890
1271
1483
66
1490
516
287
1702
1135
535
207
274
1433
36
1650
791
1473
587
729
1138
1050
1814
43
1667
564
1188
753
1816
299
370
242
1002
593
1150
1899
1028
1702
1677
1018
1217
17
929
924
1464
1874
1683
967
1024
25
1829
140
1488
1111
1297
627
374
0
842
1457
445
196
1421
1128
978
1777
478
966
1251
1134
1966
518
1953
1446
546
1753
296
449
786
627
1487
812
1023
692
270
760
1083
1659
864
890
695
1272
1500
1979
1937
1167
369
1767
1810
962
98
176
498
1864
903
1780
1118
33
1772
1396
1211
1047
774
661
1530
618
1257
1390
104
933
1152
294
1222
730
852
1057
1956
1036
531
1463
1961
1033
846
856
830
1854
1989
706
1717
796
72
731
1632
550
1259
146
612
843
1813
702
1597
162
39
455
658
213
185
173
541
1769
1338
489
40
826
536
1049
1924
908
1457
757
877
1197
306
344
92
1343
1028
950
1101
64
665
1913
919
585
696
1171
1004
538
300
511
1602
482
1955
1715
207
1182
1197
1850
357
233
862
1309
702
1605
1668
762
1155
1582
493
876
1676
1298
1277
1960
928
87
300
1059
940
476
1983
633
934
1392
800
151
250
110
929
1850
453
428
1981
1382
1454
1492
1552
1608
1195
1171
1992
1259
1085
1473
756
609
773
1968
1481
1543
470
662
1889
1923
1150
1844
792
428
1634
1064
189
636
1962
183
1371
1568
1760
713
1889
46
323
443
1069
1731
196
1082
50
807
447
1335
83
356
1317
1331
1395
1663
1810
28
733
1883
1789
1967
59
1714
230
1163
530
1554
1442
1583
1633
1516
1072
206
1318
893
1623
1767
85
386
1593
540
758
336
1991
1431
1921
790
1146
22
448
347
1882
623
58
944
282
365
819
489
401
1444
718
1544
784
1753
1586
72
1037
909
344
1693
408
500
1394
188
340
147
1720
674
796
1343
1991
1562
191
833
1809
1777
1265
1243
87
1089
1038
749
371
1514
537
1832
665
900
1260
1845
1186
1245
1614
1947
1662
567
322
956
875
1260
944
910
1866
1293
654
1629
866
1725
1924
109
433
487
1626
307
1698
1301
125
277
1569
6
1249
1632
709
1170
1261
353
204
1299
1737
957
1484
1962
1590
913
1527
465
1023
1955
1190
12
1900
654
1891
1368
1489
1183
1929
1675
1767
1262
26
674
347
1141
1685
416
1650
78
1194
1168
1029
873
733
1853
1126
1190
1503
999
851
1873
696
439
1649
885
456
777
1645
1608
1282
146
912
1084
1633
420
155
1846
1204
495
1715
359
1310
1670
1536
1617
1881
1769
152
1791
1995
502
1913
1345
1031
199
45
479
1716
448
1872
1846
1272
1460
744
1539
486
856
874
543
937
639
333
1911
1426
623
1666
1364
1018
1769
37
1840
68
732
1047
1434
261
1329
542
1775
774
1811
72
752
463
118
1707
1584
332
1140
777
466
891
556
1257
1858
1148
1744
226
1329
1241
1848
97
1724
228
1598
768
782
512
208
213
867
748
1920
811
697
1030
1637
793
500
1641
1607
122
643
1874
375
1545
1381
1575
322
239
1970
712
922
337
646
1996
411
1256
1490
805
1605
1859
1516
149
1050
149
364
151
152
680
181
1628
945
1793
1708
381
1504
239
1592
1811
1326
921
795
111
1481
854
1684
1397
682
24
630
446
651
198
1926
1509
386
1252
1235
460
471
114
61
388
354
71
415
545
1014
240
1056
1931
1866
759
576
1532
156
1865
504
835
1019
766
1449
1786
1386
1698
1393
1496
184
1737
1939
1463
987
625
74
833
118
993
1299
419
1556
520
642
23
1872
134
833
1321
1463
607
1367
193
1648
161
412
119
128
478
1963
918
1150
647
1119
1802
126
426
1183
744
1576
1928
480
1991
1045
773
493
971
665
680
307
1571
220
688
1979
348
406
864
967
537
838
1733
1567
1541
221
1623
1226
1217
385
1451
1911
226
1256
1795
1557
569
9
1770
290
115
356
275
678
583
1435
1001
712
601
56
1595
191
1547
1886
1963
627
1693
1050
1522
741
535
529
938
1388
1490
1570
954
632
1032
1467
1548
411
847
822
29
1327
1665
892
949
1632
783
607
213
314
1762
1700
1567
1692
852
1194
1797
1170
613
923
1978
1046
420
884
1534
1729
486
351
422
1177
1429
1659
803
1953
1850
610
824
834
475
1587
1465
1374
1804
1770
1591
1747
736
522
224
72
1555
816
23
211
269
799
1764
397
1238
1805
1061
334
1070
830
1079
746
472
360
313
736
356
1814
945
1380
205
797
1483
1571
402
675
1534
1641
257
1454
1571
628
1856
48
494
373
1460
160
1732
1607
719
549
1338
999
571
641
1307
608
1
830
1784
250
144
997
1069
514
1219
430
215
275
840
1005
935
272
1655
961
1614
1685
858
1873
847
1160
1816
655
1422
1984
211
2
1872
1073
555
1958
1409
794
815
1718
1104
211
1180
1835
1374
383
1585
1236
1043
1592
1808
566
1011
1882
1575
1801
1174
734
71
1039
837
440
916
1877
11
123
1555
401
812
921
422
406
183
566
1087
906
615
1470
339
274
1037
1996
759
924
1365
10
744
1457
113
284
1867
1496
803
1360
347
1844
307
1306
96
1341
441
1959
1651
275
1833
1983
879
1215
193
841
1856
1834
11
1428
1736
1226
1695
549
193
1630
1654
1357
1836
895
677
390
1537
1440
1064
1859
237
944
660
1517
1077
809
911
1787
269
572
1986
127
1635
1356
606
578
1175
884
1902
1498
229
1446
546
765
604
1825
768
1815
626
876
1277
671
368
1167
1803
979
634
1693
125
1122
1240
1908
1851
1729
1145
688
792
1963
1343
1888
1685
1423
1657
1939
156
16
263
806
1268
575
1718
451
804
1446
549
592
228
1076
22
952
1959
1912
1066
25
910
1133
1041
98
331
973
497
1440
11
34
640
1628
291
722
1570
81
1048
1432
525
1668
581
1035
1789
967
1659
616
1667
1889
1330
972
1222
402
531
1047
1322
1955
871
673
1966
811
1000
100
1824
1
1148
1864
1388
436
109
1650
827
957
971
278
810
1320
1730
1190
482
1879
1836
211
1579
1083
1329
1380
1525
1488
912
1059
1529
564
1071
255
242
942
1104
280
1813
206
1787
1229
686
47
1433
1666
1658
1921
488
1491
767
1864
899
1846
161
302
274
1235
1922
1088
1955
705
1009
601
104
1967
787
319
1504
1
536
919
100
1321
934
1353
5
1931
1774
1804
297
1839
1461
228
841
371
1354
371
1228
755
593
297
289
1185
332
70
1733
886
962
1270
437
49
1409
676
124
899
1179
541
767
1379
88
304
660
1383
1682
587
1788
1287
1711
447
1224
1713
1824
780
171
1429
158
620
783
1079
508
346
1027
1393
754
272
900
1887
1298
245
353
1764
573
363
825
642
188
1326
1912
1233
57
1524
1609
421
1723
1958
102
1661
1389
1890
1612
64
1264
582
763
999
439
152
3
662
1304
188
1623
278
225
1385
1781
935
1655
361
1072
676
1818
1115
1575
286
1149
27
1679
1545
44
1034
1899
359
1888
757
1386
4
282
1473
1315
1844
1747
529
1988
1362
1606
1552
631
1449
1746
1833
1473
1301
1588
868
709
970
797
1795
763
1192
1130
1898
666
333
826
1456
1177
927
1284
1553
1972
1776
1512
862
345
1015
957
1185
1166
624
1040
1882
956
1880
433
289
1778
1493
132
496
1540
168
1572
392
220
89
73
1688
1494
624
262
943
1703
965
1905
1954
1327
890
1186
1583
278
104
741
1173
599
1797
1867
1278
332
1312
369
629
28
1613
307
1577
504
1378
1731
159
1442
1877
356
1708
509
657
60
356
1847
894
1096
973
1246
1745
1548
138
288
1991
894
1442
1835
182
1895
853
1255
706
1403
1573
1648
1856
324
1980
163
847
948
474
968
1040
1593
664
1501
593
1557
1729
713
464
49
660
1795
339
1444
520
1852
733
757
1820
663
602
1667
1344
1389
31
178
155
1984
250
798
1581
1298
1969
1575
1407
253
670
1098
612
922
203
64
173
617
255
518
1923
1208
1059
967
1199
1459
1172
1157
985
681
1926
468
1460
1746
1429
1341
655
1270
1429
279
405
1679
574
220
1945
1911
1159
1198
623
1224
101
266
273
553
374
27
813
588
1385
1929
1183
150
1487
741
161
1679
1084
304
281
1371
1133
1733
353
303
703
1666
758
1883
878
1218
185
286
1394
1609
73
86
1013
998
1313
1438
882
900
648
948
755
937
1997
8
1970
190
1576
561
1174
475
1948
1646
1630
488
176
941
1009
1377
739
1008
132
1951
1254
146
1226
997
1114
1912
1958
1888
1266
470
133
1752
189
811
1868
1132
1705
1193
1003
866
1554
1985
1524
1672
1562
1293
1384
351
1660
186
884
511
939
1403
705
417
702
565
777
765
1507
180
1863
301
687
1433
1306
1128
317
1599
1924
1789
1039
48
187
28
507
1904
1100
1513
1100
726
1735
1953
871
123
1491
1533
56
943
227
1701
1640
1547
1304
1132
1512
758
1510
1914
1856
1148
1363
865
1000
76
1801
149
91
681
843
854
530
1755
1917
1390
22
837
919
1096
1136
1598
1549
19
749
1287
1227
1618
274
193
539
26
222
1559
1257
999
1966
432
856
1524
1826
651
1021
895
770
757
1127
1593
1852
435
525
1239
449
71
51
1555
700
1976
843
49
382
158
1377
625
1663
679
1871
1477
1397
1473
861
1905
874
328
1013
1490
311
397
1894
509
1795
238
1485
1977
143
1591
721
279
147
1244
969
1687
738
1725
1141
1142
1489
1346
1975
1691
1720
15
301
1204
1436
585
1658
630
1605
996
1286
1889
1258
162
1464
1031
1227
966
1184
1845
1031
1379
1759
1262
1728
1288
982
1485
153
434
507
484
88
1161
1877
233
1351
1203
1991
1154
530
1105
868
1512
317
757
1341
1072
958
690
1957
199
1500
1992
267
754
646
109
588
31
143
1325
1833
1075
185
1726
1543
132
268
113
586
1031
103
724
1888
113
888
1634
446
1101
699
497
986
447
1672
393
589
1571
1223
1831
692
1438
60
536
1328
1130
1060
1794
1988
1970
661
970
487
1283
1841
1104
1060
77
673
760
1104
1557
64
360
724
524
1022
1154
205
1264
257
794
1155
362
1308
137
1462
97
221
91
573
1601
1640
790
1939
781
563
897
1772
465
871
1683
71
1261
379
144
719
1122
758
1528
200
501
839
365
533
1538
943
321
1721
1018
1316
1688
1522
190
1633
1025
1733
1089
1687
1773
222
1130
1867
609
1651
1168
791
123
58
133
90
1494
480
652
94
1614
1498
232
108
1515
568
1728
257
1616
1053
474
1206
747
1967
1936
1254
1192
681
1406
1383
1626
1901
801
1551
1144
1256
477
1901
1795
1987
1865
1841
1278
14
483
121
189
252
883
1670
904
478
661
1332
578
1883
400
1016
577
554
1615
699
1167
1520
131
95
1742
38
1137
763
314
565
1330
90
203
247
1274
514
1861
922
1526
784
896
783
560
591
455
532
1605
1741
