10000
0
1
1278
3
4
7085
2256
7
8
4203
7724
11
12
13
14
15
16
8919
6775
19
20
7573
22
2300
24
25
26
6855
28
5463
1634
31
1751
6253
34
35
230
37
38
176
6899
41
42
9752
44
7542
7512
9528
48
4992
3910
51
52
7840
54
4632
56
57
58
4286
5722
61
62
63
64
65
66
67
68
69
70
71
72
73
9843
75
76
77
78
79
80
81
5750
83
84
8363
86
87
88
89
90
91
92
93
94
7622
5461
8274
3947
143
100
101
5084
5416
104
105
5071
107
108
109
110
111
112
4779
114
9230
116
2653
118
927
1699
121
122
123
124
3468
126
127
128
129
4225
131
132
8514
134
8038
136
7641
1006
1707
2619
141
670
143
144
145
1243
2366
1677
149
150
151
152
153
2111
155
156
157
5869
159
160
1712
162
163
164
165
166
167
168
169
4967
171
172
173
962
175
176
5456
178
179
180
3754
8689
8210
9203
2295
186
7114
1960
9848
190
191
192
193
194
195
4123
197
198
199
200
201
202
7084
1343
205
4158
207
208
8908
210
9268
212
213
638
215
216
217
8548
219
220
7093
222
223
224
225
226
227
228
229
7625
5536
232
4444
234
235
1551
9181
238
5230
240
241
242
243
244
245
246
5834
248
249
250
251
252
5797
254
7685
7429
5944
2194
259
260
261
262
263
264
265
266
267
4281
269
270
271
272
670
274
275
6821
5361
278
279
1525
281
282
283
284
7301
286
7638
288
289
4440
291
4169
317
294
295
296
297
3366
299
8727
301
6750
303
304
6209
306
307
4389
309
310
311
25
313
314
315
2142
317
318
319
320
8396
322
8908
324
325
326
327
328
329
330
735
332
1477
334
9922
4243
337
7425
8172
297
1762
342
343
344
345
346
347
486
349
5226
351
352
6025
354
355
459
357
358
359
5789
361
362
2109
364
3871
366
367
368
369
5088
371
372
3770
374
6941
376
377
378
379
380
381
382
383
384
7792
386
387
4342
389
390
391
392
7108
9541
395
396
397
398
3221
400
401
9761
403
2004
6102
2276
1800
408
409
1556
411
412
413
414
9582
5614
417
418
419
420
421
422
3815
424
425
426
427
428
2351
430
431
9952
433
6210
2718
9798
437
438
439
440
441
102
443
444
8331
446
447
448
1083
9224
451
452
453
454
455
456
457
9890
459
460
461
9553
7238
464
1101
466
1662
468
469
470
471
472
473
474
475
476
477
478
479
3290
8449
6206
483
484
1662
486
8900
488
489
2945
491
267
6266
494
495
496
497
498
8921
1139
501
7455
503
14
505
506
8664
508
509
8407
270
7212
513
7342
515
9140
517
186
519
520
2849
522
523
2878
525
3528
527
528
529
530
6108
532
533
534
535
1016
537
5569
7245
540
541
542
543
544
545
546
547
548
549
1087
7489
1395
553
1174
555
556
1224
5488
559
3594
1757
562
563
564
565
566
1524
568
569
6743
571
572
8638
574
575
576
577
3166
3401
580
581
582
583
584
585
586
6027
588
3355
590
591
592
658
594
595
6086
445
598
599
600
601
4635
3630
604
605
606
607
608
9155
610
611
612
3443
614
615
616
617
618
619
620
621
396
623
1949
9914
626
627
628
629
630
1033
632
633
634
635
5181
637
638
639
640
641
365
643
644
645
646
756
648
9057
650
651
652
653
654
655
460
657
658
659
660
661
7408
5781
664
665
666
667
2517
669
670
671
672
673
3510
675
676
9324
678
679
680
681
682
683
684
2080
9250
687
688
689
2522
691
692
693
1024
695
696
697
698
699
700
1238
9749
9509
704
705
706
707
708
709
710
711
712
713
1214
715
716
3191
718
567
720
721
5426
723
724
725
726
727
728
729
730
731
732
733
734
735
4667
737
3966
7125
740
5385
742
743
7952
745
746
747
748
749
3558
751
1862
8191
754
985
756
757
4862
759
5180
761
9373
763
764
5861
766
767
768
769
770
771
772
3058
580
8737
776
777
6108
779
780
1668
9796
783
784
785
786
787
788
789
4078
791
792
793
794
795
1070
797
798
799
800
6773
1032
803
4855
805
806
5850
808
809
810
811
812
813
814
815
816
817
818
819
820
821
2948
823
824
825
826
4076
828
6958
830
9364
9393
7138
834
835
836
837
838
8766
840
9867
5538
843
8487
6624
846
847
848
849
7354
851
852
853
854
5659
452
857
858
859
860
2468
862
863
864
865
866
3262
154
869
2296
2000
872
873
1691
875
4231
877
878
879
9703
881
882
436
6015
885
886
887
888
4859
5414
891
7710
893
894
895
896
897
898
899
900
901
2726
903
904
905
906
907
908
909
910
911
912
913
914
915
916
2202
918
919
920
921
922
1481
7340
925
926
927
928
929
930
931
932
933
934
5728
936
937
938
939
940
941
942
943
944
945
946
947
901
949
950
951
952
953
954
2851
956
957
760
959
7496
386
1012
963
3328
965
966
1320
968
969
970
971
5365
973
1017
975
976
977
978
979
980
1624
8372
983
984
985
986
987
2363
6810
9501
991
992
993
994
995
996
997
998
999
3242
1001
1002
1003
2429
3979
1006
1007
1008
3436
1010
6109
1012
1013
1014
1015
1016
1017
1018
8031
5059
7809
1036
1023
1024
1025
1026
5600
481
1029
1030
1031
1032
1033
1034
6876
1036
1037
5528
1039
1040
1041
4286
1043
1044
5750
1046
3154
1048
1049
1050
1051
1052
1053
1054
1055
1056
1057
7550
98
1060
1061
1062
1063
1064
1065
1066
4807
1946
1069
1070
1071
1072
1073
2791
1075
1076
1077
1078
1079
1080
1081
1082
1083
491
1085
1269
1087
1088
1089
1090
434
1092
1093
1094
1095
1096
1097
3759
1099
1100
6333
1102
1103
1104
1105
8406
1107
1108
1109
1110
5635
1112
5866
3683
1115
1116
6046
1118
1119
1120
1121
1122
1123
1124
1125
2394
1127
8959
1129
1130
7777
1132
1133
6787
3659
1136
1137
2580
3045
1140
6739
1142
1143
7809
5585
8889
1147
1148
9643
1150
3361
1892
2086
1154
1155
1156
1624
1158
1159
1160
1161
8215
1163
1164
1165
1166
5408
1374
1169
1170
1171
1172
1173
1174
1175
1176
8383
1178
1179
3179
1181
1182
1183
1184
1185
3557
6267
8115
1189
75
1191
7802
1218
1194
1195
1196
3235
1198
1199
1200
1201
1202
1203
1579
1205
1206
1207
1208
1209
1210
1211
5341
1213
1214
2846
1095
1217
1218
8087
1220
1221
112
4794
1224
2678
4037
1227
1228
7940
1230
1231
1232
1233
6874
7939
1236
8692
1238
2472
1240
5700
8165
1243
9311
1245
1246
1247
1376
1249
6150
1251
3360
1253
9275
1255
1256
1257
1258
2259
1260
1261
1262
8675
1264
1265
1266
1267
2504
1269
1270
1271
1272
1273
1274
1275
1276
1277
1278
8760
875
102
1282
1283
1284
1285
5624
1287
1288
1289
5747
1291
2769
1769
1294
1295
1296
3342
7459
1299
1300
1301
1302
1303
1304
1305
7081
1960
1308
3936
6032
1311
1312
1313
1314
901
1316
1317
1318
8329
4371
7413
1322
1323
1324
1325
1326
1447
6192
1329
2679
3751
5661
1333
7441
5321
1336
7563
7988
1339
1340
3352
1342
1343
1344
5361
1346
3160
1348
5661
899
1351
1352
1353
1354
1355
1356
1357
7078
1359
1360
1361
1362
1363
1364
1365
1366
1367
1368
1369
1370
1767
1372
1373
8676
6941
1376
2231
1378
9534
369
1381
1382
1383
1426
1385
1386
1677
1388
1389
1390
1391
1392
2566
2232
1395
1396
1397
1398
1399
4015
1401
1402
8401
2996
1405
1406
1407
1408
1409
1410
1411
1412
1413
1414
1415
1416
1417
1418
1419
1420
1421
4482
1423
1424
1425
1426
1427
1428
1429
1430
1431
1432
1433
1434
2609
1436
9341
1438
5728
1440
6006
1442
1443
1444
9257
1446
3740
5950
1449
1450
1451
1452
1453
4773
1455
1456
1457
1458
1459
1460
1461
1005
1463
1787
6014
6428
6107
1468
1469
1470
1471
1472
6310
1474
1475
118
1477
7298
1479
1480
1481
1482
2797
1484
2490
1486
1487
1488
1489
1490
7745
1492
7674
1494
1495
1496
1497
1498
1499
2603
1501
1502
1503
7948
8078
1506
1507
1508
1509
9717
1511
1512
9039
9538
1515
1516
4458
1518
1519
1520
1521
1522
1523
1524
1525
1526
1527
3067
1529
1530
1531
1532
1533
400
794
1536
1537
2384
1539
1540
1541
1542
1543
1544
1545
1546
1297
1548
1549
1550
1551
1552
1553
8506
1555
6003
1557
1558
1559
1560
7875
3948
1563
3752
1565
1566
1567
1568
1569
1570
1571
4444
3963
1574
1575
1576
1555
7245
1579
2579
1581
1582
7219
1042
1585
1586
4919
1588
1589
7574
7264
1592
1593
1594
8148
8303
1597
9858
1599
9974
6286
1602
4600
8282
1605
1606
1607
1608
1609
6696
6400
2080
3691
1614
1839
8367
1617
1618
1619
1620
1621
1622
1623
5591
1625
1626
1627
1628
6925
1630
1631
3380
2439
1634
871
1636
7364
1638
1639
3366
1641
1642
1643
1644
5199
8266
1647
1648
8289
1650
1651
1652
7744
1654
1655
1628
1657
2500
1659
1660
7958
1662
1663
1664
770
1666
1667
1668
3996
1670
6983
8956
1673
523
1675
9712
1677
7693
1679
1680
1681
5498
1228
4445
1685
1686
3581
3343
12
1690
3348
6729
1693
7252
1695
1696
6971
1698
7282
1700
4201
1702
1703
1704
4761
1706
1707
620
1709
7725
5761
1712
4723
1059
1715
1716
1717
1718
1719
7686
2701
1722
1723
1724
1725
5035
1727
1728
1729
1730
1731
1732
1733
1734
1735
9958
3849
1738
1261
1740
1741
1742
1743
1744
1745
1392
4656
1748
1749
1750
1751
3394
4543
1754
1755
1756
1757
1758
5317
1760
1761
9634
1763
1764
8270
1766
1767
1768
1769
1770
1771
1772
2705
6311
1775
1776
4219
1778
1779
1127
1781
7840
7665
5122
1785
1786
1210
1788
1789
1790
1791
517
1793
1794
1795
1796
1797
1798
1799
1800
8312
8349
1803
1804
1805
1806
5887
1808
1809
2766
1811
1812
5858
1814
1815
4008
4544
1818
1819
1820
1821
1822
1823
1824
1825
1826
1827
1828
1237
6926
1831
1832
1833
1834
8808
1836
1837
1838
1839
1840
1841
1842
1843
1844
1845
5663
1847
1848
7620
1850
1851
2995
1853
1854
1855
2173
1857
1858
2764
1860
1861
1862
8863
1864
1865
1866
1867
509
1869
1870
1871
1872
1873
4848
1875
8266
2963
1878
1879
1880
1881
1882
1883
5701
1885
1886
1887
5194
1889
2930
1891
9791
1893
1894
1895
4503
1897
1898
3066
1900
1901
3149
1765
1904
1905
1906
1907
1908
1909
9499
1911
1912
1913
1914
1915
1916
1444
1918
1919
6665
1921
1922
1923
1924
4968
1926
1927
7187
6007
1930
502
5538
1933
1934
6402
1936
8055
1938
1939
1940
1941
3260
1943
1944
8681
1946
1947
5752
1949
2939
1951
1952
1953
1954
1955
1956
1957
4125
7764
9084
9191
5319
5713
1964
573
1966
9945
1968
5697
9673
1971
1972
5210
1974
1975
1976
1977
1978
1979
1980
1981
1982
1983
1984
1985
1986
1987
3848
1989
1990
3327
1992
9805
1994
1995
2362
1997
1998
2965
9051
2001
2002
2003
179
2005
2811
2007
2008
2009
2010
2011
2012
6528
2014
2015
2016
2017
2018
2019
7678
2021
2022
4284
2024
2025
2026
2027
2028
2029
5131
2031
7942
2033
2034
2035
2036
2037
2038
2039
2040
2041
3456
2043
2044
3640
9227
2047
2048
2049
2050
2051
2052
2053
2054
2055
2056
2057
2058
2059
2060
2061
2062
8724
2064
2065
2066
2067
3467
2069
2070
852
2072
6432
2074
2075
2076
2077
2078
2079
2080
2081
2082
2083
2084
2085
9546
2087
2088
2089
2090
2091
2092
2093
2094
703
8855
6078
2098
2099
5024
5158
2102
7356
2104
2105
2106
212
6445
5037
2110
1928
2112
2113
2114
2115
2116
2117
6260
2119
2120
2121
2122
2123
2124
6753
6608
7545
2128
8426
5778
5125
2132
7549
2134
3088
2791
2137
2138
2139
2140
2179
2142
2143
5027
6880
2146
7341
2148
2149
2150
2151
2028
2153
2154
2155
2156
2157
2158
2159
2160
8621
2162
2163
2164
2165
2166
2167
2168
2169
7224
9957
2172
3650
928
6573
2176
1163
3829
9867
8756
2181
2182
2183
2184
2185
2186
2187
2188
7285
2190
861
2192
2193
2194
2195
2196
2197
4037
2199
2200
2775
2202
2203
2204
2205
810
461
2208
39
2210
2211
141
2213
2214
6305
4804
2217
2218
2219
2220
2221
2222
2223
8000
2225
499
2227
2228
425
2230
2231
7583
2233
2234
2235
2236
2237
2238
2239
1138
2241
9275
7620
2244
2245
2246
2247
2248
5743
2250
9007
5976
2253
2254
750
1641
2257
2258
2259
2260
2261
2262
2263
2264
2265
905
2267
2268
9995
2270
2271
2272
2273
2274
2275
2276
2277
2278
2279
2280
2281
2282
2283
2284
2285
2286
2287
7301
2289
2290
2291
2292
2293
2294
2295
2296
2297
2298
2299
2300
2301
2302
2303
8632
2305
2306
2307
2308
2309
8981
2311
811
2313
2314
2315
2316
2317
5373
2319
2320
2321
5130
148
2324
2325
2326
2327
2328
2794
2330
5780
2332
2333
2334
889
5211
2337
2338
2339
2340
6743
1691
2343
357
2345
2346
2347
2348
2349
2350
2351
2352
4493
2354
2355
2356
2357
2358
2359
2360
2361
2362
2363
2364
2365
5952
2367
2368
2369
2370
2371
2372
2373
2374
2375
2376
5951
2378
2379
5095
9785
2382
2383
2384
2385
2779
2387
2388
2389
2390
2391
2392
2393
2394
2395
624
3767
3993
2399
2400
2401
8906
2403
2404
8280
3334
3839
2408
2971
2410
2411
2412
3626
2414
2464
2416
2417
2418
400
2420
2421
3032
7172
2424
2425
2426
2427
2428
2429
5278
2431
4952
2433
3483
9241
9380
2437
3676
2439
3135
2441
2442
2443
9663
2445
2446
2447
2448
2449
2450
2451
8577
2453
5105
2455
2456
3220
2458
6682
4421
2461
2462
2463
2464
2465
2466
8325
2468
5077
1280
2471
2472
2473
5057
2004
2476
5388
789
2479
2480
1642
2482
2483
2484
2485
2486
2487
2488
2489
2490
2491
2492
31
2494
2495
2496
6487
2498
2499
2500
2501
2502
2503
8007
6374
2506
2507
2508
3639
9612
2511
9889
2513
2514
2515
7582
9272
2518
2519
2520
2521
2522
2523
5372
2525
2526
2527
2528
2529
2062
233
2532
2533
2745
2535
8987
2537
2538
2539
2540
7762
2542
5791
5333
2545
2546
6862
2548
0
2550
2551
2552
2553
6098
7694
5653
3579
2558
2559
2560
2561
2562
5289
2564
2565
2566
566
2568
6928
2570
1529
2572
1426
2574
2575
2576
2577
2578
2579
6901
2581
2582
2583
7797
1606
710
2587
2588
2589
2590
714
2592
6499
2594
2595
2596
2597
2598
2599
2635
2601
2602
2603
2604
2605
6882
2607
2608
2609
6013
2611
2612
2613
2614
2615
483
2617
2618
2619
2620
4568
4814
2623
2624
5964
2626
2627
9095
3078
1818
2631
7288
2633
3469
2635
2636
2637
2638
2830
5850
3066
2642
2643
2644
2645
2646
2647
7008
2649
2650
2651
2652
4784
2654
8146
2656
2657
2658
2659
2660
2661
2662
2663
9390
2665
6460
2667
2668
2669
2670
2671
2672
6689
2674
2675
8979
2677
2678
4889
2680
2681
2682
1176
2684
9520
2686
2687
2688
486
2690
2691
7116
2693
2694
2695
2696
2697
2698
2699
2700
2701
2702
2703
2704
3028
3876
9166
8524
2709
391
2711
8001
2713
2714
46
2716
2594
2718
2719
3284
8074
2722
6213
2724
5593
4049
2727
2728
2729
2730
2729
2732
2733
2734
2735
8721
2737
2738
2739
2740
6925
2742
210
8497
8268
2746
8441
2748
2749
2750
9044
2752
2753
7024
2755
2756
715
2758
3921
2760
6027
2762
2763
2764
2765
2766
2767
2768
2769
3281
2771
2772
2773
2774
2775
2776
585
2436
2779
2780
2781
5666
7001
2784
3658
52
2787
2788
7385
2790
2791
2792
2793
6271
2795
2796
2797
23
2799
6337
2801
4936
2803
2804
2379
2806
2807
2808
8509
2810
2811
5664
2813
2814
1672
2816
2817
2818
147
2820
2821
8430
2823
2824
2825
4149
3660
2244
2829
2830
2831
2832
2833
4456
2835
2836
2837
2838
2839
3215
2841
8073
2843
2844
2845
6085
2847
2848
2849
6962
7678
2852
2853
2854
5877
2856
4551
8231
2859
2860
2861
2862
5042
506
8893
2866
8846
2868
2869
2870
2871
2872
3488
6688
2875
8753
2877
2878
2066
1557
2881
3384
2883
4779
6412
2886
2887
5470
2889
1542
1812
2892
2893
2894
2895
2896
2897
6524
8071
167
2901
7473
2903
2904
2905
2906
2907
708
5625
2910
2911
2912
9886
2914
2915
7265
2679
2918
2919
2920
4366
4115
2923
8227
2925
2926
2927
2928
2929
749
7223
2932
2933
2934
2935
2936
8984
6027
2939
2940
2941
2942
2943
5551
2945
2946
6471
2948
2949
2950
2951
2952
4271
2954
2955
2956
2957
2958
2517
2960
2961
7171
2963
3421
2965
2966
2967
2968
6611
2970
2971
2972
2973
2974
9002
5901
3576
2978
9249
5307
2981
2982
2983
9419
3261
439
4233
2988
3603
2211
2991
2992
2993
9378
2995
2996
2997
2998
2999
6219
3001
3002
3003
2231
696
4743
475
3008
1061
3010
4664
3012
3013
6351
3015
3016
2955
3018
3019
3020
3021
3022
8992
6055
3025
3026
3027
3028
3029
3030
5169
7836
3033
3034
7246
3405
1406
5103
3039
3040
3041
3042
3043
3044
3045
4954
3047
3671
3049
3085
3051
2808
3053
3054
3055
3056
3057
2662
3059
3074
3061
3062
3063
3064
3065
3066
3067
3068
2660
5126
3071
3072
3073
3074
3075
3076
3077
4691
3570
3080
9964
3082
3083
818
4270
5387
3087
3088
3089
3090
7066
3092
3093
3094
3095
3096
3097
3098
3099
9131
3101
6132
3103
3104
3105
3106
3107
3108
3109
3110
3111
3112
3113
3646
3115
3116
3117
3118
3119
3120
1433
3122
3123
3124
3125
3126
6233
3128
3129
525
3131
1522
3133
3134
3135
3136
3137
3905
612
3140
3141
2825
4796
3144
3145
3146
3147
4035
3149
3150
3151
3152
5338
5132
3155
3156
3157
3158
3159
3160
3161
3162
3163
3164
3165
3166
3167
3168
3169
3170
54
8001
3173
3174
3175
8617
3177
3178
3179
3180
2303
1589
3183
3184
3185
3186
3187
3188
3189
3190
3191
3192
3193
1638
3195
3196
3197
3198
3199
3200
3201
9705
3203
4593
3205
3206
3207
3208
3209
3210
988
3212
3213
3214
3215
794
3217
3218
3219
3220
3221
3222
3223
3224
3225
3226
3227
7019
3229
145
3231
3232
1085
3234
3235
6037
3237
3238
6276
4070
6892
8357
3243
2687
3245
3246
3247
8681
3249
9925
3251
5763
7796
3254
3255
3256
3257
3258
3259
3260
3261
3262
9552
3264
3265
3266
3267
3268
3269
8136
3271
3272
3273
8928
3275
3276
3277
8000
3279
3280
8435
3282
6463
3284
3285
3286
3287
7849
6314
5554
3291
3292
3293
3294
3295
2330
3297
5158
3299
3300
3301
3302
3303
9845
3305
2170
3307
3188
3309
8408
3311
3312
3313
3314
3315
3316
8766
3318
3319
3320
3321
52
3323
548
3325
3839
7354
7173
3329
3701
3331
3332
3333
2690
3335
3336
3337
4076
947
3340
3341
3342
3343
5945
3345
3346
3347
3348
3349
3350
6598
3352
3353
5062
3355
3356
3357
3358
9754
3360
3361
3362
3363
7589
6538
3366
2013
8554
3369
3370
5724
3372
3373
2685
3375
3376
3377
3378
3379
8815
3381
3382
2821
3384
3385
3386
3387
8009
6561
9568
3391
3608
3277
3394
3395
7011
3397
3398
1501
3400
3401
2263
3403
3404
3405
1409
3407
6073
3409
3628
1785
3412
3413
3414
3415
3416
3417
3418
3419
2204
9999
128
3423
3424
3425
3426
3427
3428
3429
3430
3431
842
6816
3434
3435
7442
9850
3109
3439
3440
3441
3442
3443
3859
3445
3446
3447
3448
432
889
3451
3452
7722
3454
4497
3456
3457
2580
3459
3460
3461
7962
3424
4257
3465
8116
3467
8456
8371
3470
3471
3472
4152
3474
3475
3476
7184
3478
3479
3480
4709
3482
3483
3484
3485
3486
7517
3488
3489
3490
3491
3944
1533
9363
7928
3496
3497
663
3499
4199
3501
3502
3503
3504
3505
3506
1763
3508
3509
3750
3511
8039
1481
3514
3515
3516
8049
3518
3519
3520
6100
3522
3523
3524
3525
3526
3527
3528
3529
3530
1740
3532
3533
3534
4838
3536
3537
197
3539
8883
3541
3284
3543
3544
3545
3546
3547
4309
3549
3550
3551
3552
2482
5134
1191
3556
3557
3558
5648
3560
3561
3562
3563
1080
3565
3566
9272
3568
3569
3741
3571
1027
3573
3574
5760
3576
3577
3578
3579
9821
3581
3582
3583
3584
3585
3586
3587
3491
6978
4029
6761
3592
6854
3594
3595
3596
3597
3598
3599
3600
3601
9381
3603
3604
1802
3606
3607
3608
3609
4072
3611
3612
3613
9590
9473
8173
3617
3618
3619
3620
3621
3622
3623
3624
6840
3626
3627
3628
5215
3630
4356
3632
3633
1022
1993
892
3637
3638
3639
3640
4299
3642
6155
3644
9956
3646
3647
3648
3649
3650
7209
5217
3774
5759
3655
3656
3657
3658
7023
3660
3661
3662
7527
3664
3645
3666
3667
3668
1102
3670
3671
3672
3673
495
1678
3676
3677
3678
3679
9738
1302
3682
3683
3684
1134
4744
3044
3688
3689
6297
3691
2394
3693
6343
3695
3696
3697
3698
3699
3700
6417
3702
3703
3704
3705
3706
453
5315
3709
3710
3711
8101
2630
3714
3715
3716
3717
8455
3719
3720
1901
3722
3723
3724
3455
3726
243
3728
4424
3730
3731
3732
6188
3734
4289
3736
5039
3738
8184
3740
3741
3742
3743
5925
3745
6438
3747
5611
5163
3750
3751
3752
3753
3754
3752
3756
3757
3758
3759
3760
3761
6508
3763
3764
3765
3766
7980
3768
3769
4949
3771
6221
3773
3774
3775
3776
971
3778
3779
3780
3781
9262
1378
3784
3785
3786
3787
3788
3789
3790
3791
3792
307
3794
3795
242
3797
3798
3799
3800
3801
3802
6538
8092
3805
6249
3279
3808
3809
3810
5813
3812
3813
3814
9777
3816
3817
3818
3819
3820
8385
3822
3475
8806
3825
1728
3827
3828
3829
3830
3831
3832
3833
3834
3835
3836
7499
3838
3839
3840
3841
336
3539
3844
3845
7231
5399
5878
3849
3850
7232
3852
3853
8203
3855
3856
3857
6033
3859
3860
3861
3862
3863
8170
3865
3866
6200
3868
3869
3870
5384
3872
5830
7759
3875
3876
3877
3878
3879
3880
3881
8108
4969
3884
3885
6333
3887
3888
3889
3890
3891
5278
9999
3894
1295
3896
3897
3898
3899
3900
3901
3902
3903
4305
9342
3906
3907
4104
3909
3910
3911
3912
3913
4996
3915
6627
3917
6179
3919
3920
3921
3922
3923
3924
3925
3926
342
3928
3929
3930
3931
3932
3933
9151
3935
3936
3937
3938
3939
3940
3941
7766
3943
3944
3945
3981
3947
3948
6454
3950
9398
3952
3953
3954
3955
3956
538
3958
3959
3960
3447
3962
3963
3964
3965
3966
2846
1048
3969
1382
3971
3972
7302
3974
3975
8417
3977
260
8941
3980
3981
3982
3983
7942
2924
3986
4150
3988
6256
3990
3991
6742
3993
3994
3995
3996
3997
3998
3999
4000
4258
4002
9552
4004
4046
9664
4007
4008
4009
4010
4011
4012
4013
4014
4015
4016
4017
4018
4019
4020
4647
4022
4023
4024
9459
1873
4027
4028
4029
7457
2115
4032
7506
1901
1858
4036
4037
9357
4039
4040
9575
4042
5848
2127
7313
4046
4047
4048
5818
4050
3994
4938
4053
7353
4055
4056
4057
4026
4059
4060
3559
7897
5730
4064
7857
4066
9064
8922
4069
4070
4071
4072
4073
4074
4075
5354
4077
4078
4079
4080
4081
5514
4083
5425
4085
4086
4087
5127
4089
1392
6994
4092
4093
8524
4095
4096
4097
8668
6809
4100
4101
4102
4103
4104
4105
4106
2127
9517
1359
4110
4111
4112
28
4114
4115
4116
4117
4118
4119
6476
4121
4122
4123
4124
4288
4126
4127
4128
4406
629
4131
4132
4133
4134
6088
4136
4137
6003
4472
4140
4141
1386
4143
4144
4145
3375
4147
4015
3483
4150
4151
4152
2137
4154
8636
8419
6792
4158
4159
4160
4161
3581
4163
1319
5495
4166
4167
4168
905
4170
4171
4172
4173
4174
4175
4176
2109
4178
2926
2134
360
5219
2327
5487
4185
3366
4187
7496
6900
4190
4191
5494
4193
476
1083
4196
8492
3940
4199
4200
148
2558
1954
4204
8425
4206
4207
4208
4209
9506
4211
1533
4213
4214
4215
4216
1279
4218
9771
4220
4221
4222
7119
4224
4225
4226
4227
4228
4229
4230
1837
860
4233
4234
4235
8345
4237
2087
4239
4240
4241
4242
4243
4244
4245
4246
4247
4248
4249
5848
4251
4252
6256
4254
4255
4256
4257
4258
4259
4260
8440
5756
4263
4264
4265
4266
5842
4268
15
4270
7007
8077
4273
4274
4275
4276
4277
881
4279
9638
4281
4282
4283
4284
4285
4286
1182
4288
2673
4290
4291
4292
4293
8255
8979
1953
7083
3116
866
4300
4301
4302
4303
4304
4305
4306
4307
158
562
4310
4311
4312
9177
8018
4315
4316
4317
9655
4319
4320
4321
4322
4323
1170
4325
3659
4327
4328
4329
4330
4331
4332
4333
4334
4335
4336
4337
4338
4339
4340
4341
5788
4343
5917
4345
4346
4347
4348
4349
4350
4351
3994
4353
6729
4355
4356
9920
7781
4359
4360
4361
4362
4363
4364
4365
4366
4367
4368
4369
4370
6673
4372
4373
9143
4375
4376
2166
4378
4379
4380
2171
4382
4383
4384
4385
1480
4387
4388
4389
4390
4391
4392
4393
4394
4395
2772
4397
3346
3455
4400
2868
4402
2561
4404
4405
4406
4407
16
4409
1496
4411
4412
7165
4414
4415
4416
4417
4418
4419
4420
4421
4422
4423
4424
4425
1453
4427
4656
4429
4430
4431
4432
4433
4434
4
4436
4437
4438
4439
3968
4441
7800
4443
5900
2892
8720
530
4448
4449
5113
4451
9965
4453
5703
4455
5708
9105
9191
2830
6472
4461
4462
2883
4464
4465
4466
4467
4468
4469
4931
4471
1962
2838
4474
4475
4476
4477
4478
2370
3112
7992
4482
4483
4484
4485
2264
4487
9308
4489
4490
4139
5852
4493
4494
4495
4496
4497
4498
9875
4500
4501
5830
4503
4504
4505
8589
7172
4508
4509
4510
4511
4512
4513
4514
4515
4516
4517
4518
4519
6416
4521
7750
4523
4524
4525
4526
807
4528
4529
3471
4531
4532
4533
4534
783
4536
4537
4538
4539
4540
4541
4542
4543
4544
4545
4546
3553
3256
4549
4550
4551
4552
4393
4554
7846
1066
4557
4558
4559
4560
4561
4562
4563
4564
4565
7546
2833
4568
4319
4570
4571
8103
4573
1689
4575
4576
4577
4578
4579
4580
5575
4582
4583
4584
4585
4586
4587
4588
5154
3575
6406
7135
1410
203
2319
1203
5517
4598
4599
3918
4601
439
4603
404
3802
5536
4607
4608
4609
4610
4611
4612
9866
4614
4615
4616
4617
4618
4619
1496
4621
148
4623
4624
7941
424
4627
4628
4629
4630
4631
3575
7283
4634
4635
8804
4637
4638
5284
4640
4641
3372
1690
2356
4645
4646
1971
4648
4649
4650
9632
7151
980
4654
4655
4656
3453
4658
4659
4660
4661
8121
4938
4664
4665
4666
4667
4668
7165
4670
4671
4672
4673
7498
4675
1001
4677
4361
4679
4680
4681
4682
6996
4684
4685
6372
4687
4688
923
4987
3840
1819
4693
4694
4695
4696
4673
9882
5680
4700
8966
4702
4703
4704
4705
4706
3220
4708
4709
4710
4711
4712
4713
4714
4715
4716
4717
3263
6195
4720
4721
4722
4723
4724
4725
278
730
4728
1268
4730
4383
4732
4733
4734
6623
4736
4737
2831
4739
4740
4741
4742
4743
4744
3317
8198
4747
4748
4749
4750
4751
4752
6510
4754
4755
4756
4757
8543
4759
4760
9078
5526
4218
4764
5774
4766
4240
4768
2438
5432
6646
4772
4773
8804
163
4776
4286
7649
4779
4780
4641
8637
4783
4784
4785
4786
9905
4788
4789
4790
4791
8112
753
5861
4795
3620
4797
4798
4799
4800
4801
9546
4803
4804
4805
4806
4807
4808
4809
4810
4811
4812
4813
4814
4815
3273
5692
4818
6098
5888
4821
2433
4823
3265
4825
4826
5166
4828
4829
9575
4831
4832
3135
4834
4835
4836
4837
4838
6496
4840
4841
2490
4843
4844
4845
4846
4847
4848
4849
4850
4851
4852
3999
4854
4855
3880
7890
4858
4859
4860
143
4862
4863
4864
9605
1230
4867
4868
2598
8260
4871
1258
4338
4874
8643
4876
4877
844
4879
4880
4881
4882
4883
4884
4885
4548
1713
9991
4889
8519
8738
4892
4893
4390
4895
4896
4897
6942
4899
4900
4901
4902
4903
4904
4905
4906
4907
4908
4909
4910
4173
4912
4913
4914
4915
4916
4917
4918
4919
4920
4921
4922
4923
4924
4925
4926
4927
4928
4929
2004
4931
4932
4933
568
1682
4936
8444
2724
3373
4940
4941
4942
7914
5207
4945
4946
4947
8205
6998
4950
5354
4369
4953
4937
4955
4956
4957
4958
9183
284
3316
4962
4963
4964
4965
4966
4967
4968
4969
2446
4971
4972
4973
8109
4975
4976
4977
5441
4979
4980
4981
4982
4983
2925
4985
4986
4987
51
9912
4990
8661
4992
4993
4994
2940
4996
4997
2029
4999
4507
5001
5002
5003
5004
5005
1569
1293
3702
7347
5010
5011
2931
5013
97
5015
5016
5017
7684
6981
5326
5021
4483
8848
4916
5025
5026
5027
6468
5029
5030
5031
5032
5033
5034
5035
8757
8852
2676
5039
4147
5041
5042
5043
493
5425
5046
5047
5048
5049
5050
5051
5052
5053
5054
5055
5056
5057
5058
5059
5060
4302
4704
5063
4938
5065
5066
6004
5323
5069
5070
8542
5072
5073
8993
6522
5076
5933
6469
8846
5080
3148
6522
1613
6055
6318
3493
5087
5088
5089
5090
6045
5092
5093
5094
5095
5096
5097
5098
5099
5100
8732
490
5103
6400
7248
1236
5107
5108
4419
5110
5111
5112
9699
5114
5115
5116
5117
5118
5119
4572
5121
5122
5547
5124
6038
5126
5127
5128
5129
5130
6635
5132
5133
5134
5135
5147
2517
5138
6420
5140
5141
5642
5143
5144
5145
6141
5147
7422
8392
3013
5151
5152
5153
898
7320
5156
5157
5399
5159
5501
5161
5045
4502
1215
5165
5166
5167
7686
5169
5170
5171
9857
9842
3000
5175
5176
577
9139
494
4182
5181
5182
3231
7390
5185
2307
5187
5188
5189
5190
5191
5192
5193
5194
5195
5196
4350
5198
5199
7555
5201
6236
5203
418
5205
5206
5207
5208
5209
5210
5211
5212
5213
5214
2040
4436
1008
8519
5219
5220
7870
5222
5223
5224
6758
968
5227
5228
5229
4429
5231
5232
4829
9864
1481
6531
9073
5238
5239
5240
5241
5242
2654
5244
784
5246
8797
5248
7229
2232
1918
5252
5253
5254
5255
5256
5257
5258
5259
5260
5261
5262
5263
5264
7520
5266
5267
718
5269
3549
5271
3700
5273
5274
5275
4051
5277
5278
5279
5280
5281
703
4924
1608
5285
5286
5287
5288
115
9035
5291
5292
5293
5294
8805
5296
5297
5298
5299
5300
5301
5302
5303
540
9752
5306
5307
3496
5309
5310
5311
5312
5313
5314
5315
5316
5317
5318
5319
9833
5321
5322
629
5324
2939
3280
5327
173
5329
7769
5331
5332
4692
6102
5335
3448
6367
7503
5339
7336
5341
5342
9234
5344
5345
5346
5347
5348
6958
5350
6170
5352
6410
5354
5355
9436
2246
5358
4966
5360
5361
5362
4947
5364
5608
5366
5367
5368
837
3464
5371
5932
9780
5374
3114
5376
8903
5378
5379
5380
4974
5382
5383
5384
5385
9013
5387
9098
5389
5390
5872
5392
19
5394
5395
5396
5397
5398
6711
1178
5401
5402
5403
5404
5405
5406
5407
5408
5409
5410
5411
5412
5413
5414
5415
5416
2848
413
5419
5420
5421
5422
1473
6032
5425
5426
5427
5428
5429
5430
2172
5678
5433
5434
30
5436
7872
2254
5439
5440
4354
7734
5443
349
8155
5446
5447
5448
5449
5450
5451
5452
5453
5454
1493
5456
5457
5962
5459
5460
5461
5462
5463
5464
5465
2129
5467
5468
1321
5470
5828
4417
5473
4569
7618
5476
5924
8203
5479
5480
3205
5482
5483
6343
7113
4255
2997
879
5489
5490
4465
8030
5493
5494
5495
5496
5497
4581
5499
5500
2040
5502
5503
5504
5505
5506
5507
3948
5509
7155
5511
5512
5513
9691
5515
5516
5517
5518
5519
5520
5521
5522
5523
5524
8291
2723
5527
5528
5529
5530
5531
5532
5533
5221
5535
5536
417
5538
9538
5540
5541
5542
5543
5544
3027
5546
5547
4950
3568
5550
5551
5552
5553
4020
4496
9331
9406
4798
4426
5713
8474
5562
5563
8347
5565
5566
5567
5568
847
5570
5571
5572
5573
5574
5575
5576
3703
5578
9773
5580
5581
5582
5583
8836
6477
5586
5587
5588
5589
3022
5591
5592
5593
5594
5595
4224
5597
5598
5599
5600
6654
5602
5603
5604
3324
5606
5607
5608
5609
5610
5611
5612
5613
6121
8689
5616
5539
8311
5619
5620
5621
5622
5623
5624
5625
7074
5627
885
5629
5630
5631
5632
5633
5634
5635
5636
9493
5638
5639
5640
5641
5642
5643
5644
5645
3774
5647
5648
5649
5650
4968
5652
5653
5654
5655
5656
5657
5658
5659
5660
5661
5662
5663
1063
5665
6408
57
5668
5669
5670
6194
8686
5673
2010
5675
5676
5677
8571
5679
5680
5681
7295
5683
5684
5685
5686
5687
5688
2272
5690
8681
462
526
7291
5695
5696
7575
5698
5699
2262
212
5702
5703
5406
5705
5706
5707
5708
1092
3345
5711
5712
611
5714
1137
5716
5717
5718
5719
6982
5721
9706
5723
9918
2985
5726
3875
622
5729
1714
6172
1568
5733
4127
5735
6047
5737
5738
5739
5740
9661
6312
8982
5744
5745
4124
2195
5748
4438
1314
5751
5752
5753
8483
9605
5756
5757
5129
5759
5760
5761
5762
2635
9603
557
9937
5767
5768
5769
5770
5771
4672
5773
5774
8530
5776
5777
5778
7774
271
5781
1637
5783
5784
523
8620
5787
5788
5789
5790
8954
6968
5793
5794
5795
5796
5797
5798
5799
5800
5801
5802
5803
7533
3421
5806
7661
5808
8185
5810
5811
5812
5813
1460
5815
5816
5015
5818
3008
5820
5821
7458
5823
5824
6506
6049
7232
5828
5829
5830
5831
5783
5833
5834
5274
5836
9672
5838
5839
5840
5841
4047
8902
812
5845
5846
5847
5848
1730
5850
5851
5852
4645
7677
2448
9241
5857
5858
5859
5860
5861
5862
5863
5864
5865
5866
1088
5868
5605
5870
5871
1009
5873
4408
5875
9053
5877
5878
5879
5880
5881
5882
5883
5884
5885
7494
8944
5888
5889
5890
5891
5892
1459
5894
2554
1525
5897
5898
5899
5900
7691
5902
5903
4332
5905
5906
5907
5908
5909
5910
5911
1493
5913
5914
2137
5916
5917
5918
1812
1681
5921
5922
5923
5924
5925
5926
5389
5928
5929
8732
5931
5932
5933
5934
3235
4860
5937
483
623
7765
3591
2206
5943
5944
5945
5946
5947
5948
5949
5950
7171
5952
5953
5954
5955
5956
6600
5958
1460
5960
5961
5962
4616
5843
5965
2463
593
3744
3327
5970
6022
3351
5973
4074
5975
5976
5977
5978
5979
8788
5981
5982
5983
5984
5985
107
5987
5988
5221
4945
9969
5701
5993
5994
5995
5996
5997
3575
4970
6000
6001
6002
6003
6004
6005
6006
6756
6008
6009
3492
6011
6012
6013
3435
6015
6016
6017
6018
6019
6020
6021
6022
4412
5719
6025
6026
6027
6028
554
6030
6273
6032
6033
6034
6035
6036
6037
6038
6039
2780
6041
6042
6043
6986
6045
7722
6047
6048
6049
1104
6051
6052
6053
6054
6055
6938
6057
6058
1770
6060
6061
6062
7387
6064
6065
6066
6067
6068
6069
6070
6071
6072
6073
6074
6837
9206
5559
4633
9078
4528
6081
6082
6083
6084
6085
6086
6087
6088
1525
6090
6091
6092
675
6094
6095
1447
6097
6098
5314
5827
6101
7734
6103
6104
6105
6106
6107
6108
3220
6110
6111
6112
6113
7798
6115
6116
8064
6118
3543
4481
7897
6122
6123
6514
6125
6126
6127
6128
6129
6130
6131
6132
5614
6134
6135
6136
6137
415
6139
6140
6141
6142
8212
1502
6145
6146
6147
6148
6149
8060
934
5795
9224
6154
6155
6156
3159
6420
6159
6160
6161
6162
6163
6164
6165
6166
6167
6168
6169
6170
6171
1831
6173
9891
6175
6176
6177
5919
6179
1911
3066
448
6183
6184
6185
5307
6187
7838
3293
915
6191
5416
2867
6194
5442
6196
6516
4106
6199
6200
6201
6202
3678
6204
6205
62
7432
4950
6209
8924
6211
6212
6213
6214
6215
6216
6217
3159
6219
6220
6221
9239
6223
6224
653
6147
6227
5015
6229
6230
6231
6232
6233
6234
7393
968
6237
6238
6239
6240
4934
6242
6243
9147
6245
6246
6247
6248
7960
6250
6251
6252
6253
6254
8054
6256
6523
6258
6259
6260
6261
6262
6263
6264
6265
3229
8295
6268
6269
6270
6271
1102
6273
9062
9351
5199
6277
6278
6279
4435
1460
6282
6283
6284
7966
4298
6287
6288
1437
6290
6291
6292
6293
6294
6295
6296
6297
6298
6299
6811
5748
621
6303
6304
1236
6306
2685
6308
6309
9001
6707
1102
252
6314
6315
5373
6317
6318
6319
1441
6321
3541
6323
6324
326
6326
2425
6328
6329
6280
6331
9593
6333
695
6335
6336
6337
2889
9224
4932
6341
6342
2219
7833
6345
6346
6347
6348
6349
6350
6351
4064
6353
6354
6355
5487
9606
1614
6359
4503
6361
1727
6363
6745
6365
6366
8780
6368
6369
6370
6371
228
6373
6374
6375
6376
4486
6168
6379
4741
6381
5542
5246
3988
6385
6386
6387
6388
6389
6390
7332
6392
7917
6394
6395
6396
6397
6398
6399
6400
3632
6402
6403
6404
6405
6406
6407
9168
6409
6410
6411
6412
6413
6414
6415
6416
6417
3445
9558
6420
6421
6422
6423
6424
6425
6426
5179
1259
6429
492
6431
7971
9495
6434
7963
6436
6437
6438
6439
6440
3014
6442
729
9019
6445
6446
6447
6448
7317
6450
6451
853
3697
2494
6455
6216
6457
6458
6459
6460
6461
6462
6463
6464
4398
6466
6467
3195
6469
5333
6471
9002
6473
6474
6475
6476
6477
6478
6479
1967
6481
6482
2278
6484
6485
6486
6487
6488
8226
6490
6491
6594
6493
6494
6495
6496
6497
6498
6499
6500
6501
3529
6503
6504
6505
6506
6507
6508
5097
6510
6511
6512
6513
6514
6515
6516
1625
6518
6519
6520
1786
2570
6523
4037
6525
6526
9192
6528
6529
4099
6531
4159
6533
6534
6535
6536
6537
6538
6539
3869
6541
6542
6543
6203
6545
6546
6547
6548
2811
6550
7076
6552
8620
5358
6555
6556
3406
6558
8744
6560
6561
6562
6563
5020
6565
6566
6567
6568
6569
6570
6571
2301
6573
5171
2813
6576
6577
6578
6579
6580
6581
4154
5416
6584
6585
3968
6587
6588
6589
6590
6591
6592
6593
2773
6595
6596
2986
6598
6599
6600
6601
6602
6603
8465
6605
6606
6607
6608
6609
6610
6611
9361
9187
6614
6615
6616
6617
6596
6619
6620
6621
6622
6623
6624
2076
6626
6627
5212
6629
6630
6631
9693
6633
6634
6635
6095
6637
5282
9510
300
6641
6642
4838
6644
315
2711
6647
6648
6649
6650
6651
6652
1213
3464
6655
1049
6657
7996
6659
6660
6661
6662
6663
6664
7138
6666
6667
6668
6669
6670
1496
4621
5163
6674
8934
6676
2398
6678
6679
6680
6681
6682
6683
3777
6685
6686
7602
6688
5832
3595
1743
6692
3058
6694
8221
7728
6697
6698
5905
6700
6701
6702
6703
7149
6705
6706
6707
6708
3653
935
6711
6712
6713
6714
1642
6716
6717
6718
6719
6720
6721
364
6723
6270
6725
1975
6727
6728
6729
6730
6731
6331
6733
6734
6735
6736
6737
4486
4055
6740
6741
6742
6743
6744
4606
2617
6747
8887
6749
6750
9837
6752
6753
6754
6755
7458
5752
6758
3122
6760
6761
6762
6763
6764
6765
6766
6767
6768
6769
6770
7601
6772
6488
6774
55
6776
6777
6778
6779
6967
8382
5106
6783
6784
6785
6786
6787
7574
6789
6790
6791
6792
6793
6794
6795
6796
6797
6798
6799
7622
6801
6802
6803
6804
6805
2703
6807
1774
6809
3967
6811
6812
6813
6814
6815
6816
6817
6818
6819
6820
6821
6822
6823
6824
6825
6826
6827
9371
6829
6830
8203
4162
6833
6834
6835
6836
6837
6838
370
8127
6841
5345
6843
6844
6819
6846
6189
6848
6849
6850
611
6852
6853
6854
7863
6856
6857
6858
4176
4777
6861
4491
6863
6864
2417
6866
6867
6868
6869
6870
6871
127
3986
6874
6875
6876
6249
6878
8834
6880
6881
6882
4157
6884
6885
6886
6887
6888
6889
6890
6891
6892
418
6894
6895
6896
6897
6898
6899
328
6901
6902
6903
6904
6905
6906
6907
6908
5638
6910
6911
1588
7099
6914
6915
6916
1468
6918
6919
6920
6921
6922
6923
8192
6925
5038
6927
6928
6929
6930
6416
6932
6933
6934
582
1145
6937
3263
6939
8327
6941
3809
4809
6944
6945
6946
6947
6948
6949
6950
6951
6952
6953
6954
6955
6956
2146
6958
6959
6960
6961
6962
6963
6964
6965
6966
6967
7946
4709
6321
6971
6972
6973
6974
6975
6976
5762
8358
6979
6980
6981
6982
6983
3364
5271
2285
8895
6988
6989
6990
6991
6992
6993
6994
6995
9395
6997
6998
6999
7000
7001
2360
7003
7004
7005
7006
7007
7008
7009
7010
2214
4289
1916
7014
7015
6171
5272
7018
9230
7020
7021
7022
7023
7024
632
7026
7027
7028
7029
7030
7031
7032
7033
7034
7035
7036
2541
7038
7039
208
7041
7042
7043
1934
7045
7046
7047
7048
8673
7050
7051
3691
7053
3683
7055
7056
7057
8151
7059
7060
8018
7062
7063
7064
7065
7066
7067
8104
7069
7070
7071
7072
4519
1402
7075
7076
7077
7078
7079
7080
7081
7082
700
7084
7085
6827
8271
7088
7089
9804
7091
7092
7093
6340
2768
7096
7097
7098
7099
7100
7
7270
7103
8682
7105
8245
7107
5073
7109
194
7111
7112
7113
7114
7115
1150
2925
7118
7119
8664
7121
7122
7123
94
192
7126
7127
7128
7129
7130
7131
7612
9331
937
7135
7136
7137
7138
7139
7140
7141
7142
7143
7144
7145
7146
7147
7148
7149
7150
7151
5125
7153
7154
6040
6628
7157
7158
2330
7160
7161
7162
7163
7164
7165
7166
4878
3000
280
7170
3125
7172
7173
2601
7175
1795
7177
7178
7179
3697
7181
7182
7319
7184
7185
1009
7187
6316
4830
7190
1462
2376
7193
4184
7195
7196
8015
7198
8714
7200
7201
7170
7203
7204
7205
7206
3117
7208
7209
945
7211
6613
7213
7214
7215
7216
717
7218
8749
9130
737
7222
2428
7224
7225
7752
7227
7228
7229
4820
8178
7232
7233
7234
7235
7236
7237
7910
3790
7240
2539
7242
4763
7244
7245
7246
7247
6738
7249
7250
3777
7252
7253
7254
7255
7256
7257
7258
7259
7260
7261
7262
7263
7264
2659
7266
7267
7268
331
7270
7271
7272
8043
7274
7275
8018
5405
8055
1754
7280
7281
7282
7283
7284
7285
7286
7287
7288
7450
1380
659
8018
7293
7294
5139
7296
6768
7197
5573
7300
7301
2169
930
4925
7305
7306
5109
7308
7564
7310
7311
7312
7313
7314
7315
7316
6811
7318
7319
7320
7321
7322
4820
7324
7325
6006
7327
7328
7329
7330
7519
7332
7333
9908
7335
7336
7337
7338
2019
6345
7341
7342
1321
3824
431
7346
7347
3497
8572
7350
7351
7352
7353
7989
7355
4250
7357
7358
7359
7360
7361
8571
7363
7364
440
2589
7367
7368
7369
7370
7371
7372
7373
1120
7375
7376
7377
2516
1129
7380
7381
7382
7383
7384
8505
7386
4368
1542
7389
7390
7391
400
4687
7394
7395
7396
3523
7398
7399
7400
3846
7402
7403
7404
5508
2600
7407
7408
7409
7410
7411
6687
7413
7414
7415
7416
7417
7418
7419
7420
7421
7422
7423
8014
2842
7426
7427
7428
7429
8054
7431
7432
7433
7434
7435
7436
7437
9817
7439
9423
9551
7442
7443
8844
102
7446
7447
7448
1659
7450
7804
5830
7453
8057
7455
7456
7457
7458
4266
7460
7461
7462
7463
7464
7465
7466
7467
8429
7469
7470
3428
7472
7473
7474
7475
9244
7477
7478
7479
7480
7481
7300
5236
7484
7485
7486
8
7488
7489
7490
7491
7492
492
7494
6161
7496
9739
7498
7499
7500
6316
7502
7503
7504
7505
7506
7539
7508
7509
7510
6397
7512
7513
7514
7515
7516
2524
7518
7519
8698
8113
7522
7523
7524
7525
7526
7527
733
7529
7530
9333
7532
7533
8509
7535
7536
7537
7538
7539
3639
7541
6176
7543
1226
7545
7546
9520
5601
7549
7550
7551
8372
7553
7554
7555
8257
6731
7558
7559
7560
1013
7562
7563
7564
7565
7566
7567
7568
9127
7570
8647
7572
8679
7574
7575
7576
7577
7578
7579
7580
7581
7582
7583
7584
7585
7586
5888
7588
45
7590
6731
7592
7593
7594
7595
7596
3963
7598
2643
7600
7601
7602
7603
7604
6612
7606
676
7608
7609
236
7611
160
7613
7614
7615
7616
7617
7618
7619
7620
7621
7622
5247
7624
7625
3490
7627
7628
6424
7630
7631
7632
7207
7634
7443
7636
7637
7638
7639
7640
7641
7642
8419
7644
7645
3917
7647
3500
7649
7650
7651
7652
7653
7654
9557
7656
7657
7658
7659
3354
7661
7662
7663
9400
7665
7666
7667
9917
7669
389
7671
7672
4985
7674
7675
841
2952
5569
7679
7680
7681
7682
7683
9513
7685
7686
2415
7688
2144
7690
7691
766
8492
8187
7695
7696
7697
8926
7699
4831
7701
1648
2573
7704
7705
7706
7707
2358
7709
7710
7711
7712
7713
7714
8154
7716
7717
7718
7719
7720
7721
7722
7723
7724
7725
7726
7727
7728
7729
2852
7550
3065
7733
7734
2389
7736
6336
9019
7739
7740
7741
7742
294
3081
8853
7746
3747
7748
2153
7750
7751
7752
7753
7754
7755
7576
5362
1176
7759
7760
7761
7762
7763
7764
7765
7766
1610
6718
3499
7770
7771
5514
7773
7774
7775
8977
7777
7778
7779
7780
7313
7550
7783
7784
7785
7786
1208
7788
7789
1561
7791
7792
7793
7794
7795
7796
7797
7798
7799
7800
7801
7802
7803
1311
5805
7806
7807
5235
7809
5685
7811
7812
7813
7814
7815
6623
7817
7818
7819
7820
2994
7822
7823
8184
6617
7826
7929
4121
7106
7830
2457
7832
7833
3675
7835
7836
7837
7838
7839
7840
7841
7842
7843
9952
7845
7846
7847
7848
7849
7850
7851
7852
7853
6739
7855
7856
7857
2131
2963
2076
7861
7862
7863
7864
7865
7866
4895
7868
7869
7870
7871
1208
7873
1483
7875
7876
7877
7878
7879
621
7881
7882
612
5157
7885
7886
7887
1786
7889
7890
7891
3697
7893
9144
1784
7896
7897
9510
2011
7900
925
7902
9916
7904
7905
7906
7907
7908
1884
7910
14
7912
7913
7914
7915
7916
5737
5400
7919
7920
2730
7922
7923
7924
7925
6970
577
7928
7929
7930
7931
7932
7933
7934
7935
7936
3144
7938
7939
7940
7941
9122
7943
7944
7945
8635
1711
964
7949
7950
7951
3257
7953
5704
7955
1071
7957
7958
7959
7960
9036
7962
7963
7964
5927
7966
7967
4376
6045
7970
7971
7972
7973
4001
7975
7976
7977
7978
5599
7980
7981
7982
7983
7984
7985
2426
6181
432
7989
7990
7991
7992
7993
7994
7995
1081
7997
7998
7999
8000
8001
43
8003
8004
8005
8006
1186
8008
6474
8010
8011
8012
2394
8014
8015
4091
8017
8018
8019
8020
8479
8022
8023
2179
8025
8026
5600
8028
8029
8030
8031
8032
8033
4581
8035
687
8037
8038
343
8040
6306
8042
7748
8044
8045
8046
8047
9265
5988
8050
2133
8052
8053
8054
8055
8056
8057
8058
8059
8060
8061
8062
8063
8064
8065
3032
8067
8068
440
8070
8071
5634
6791
8074
4631
8076
8077
8078
5682
8080
9497
436
8083
8084
4521
8086
5489
8088
756
8090
8091
2340
6340
8094
2255
8096
8097
8098
8099
8100
8101
8102
8103
8104
8105
8106
8107
8108
8109
8110
9250
853
8113
1609
8115
8116
8117
8118
8119
1480
8121
8122
8123
8124
2038
8126
8127
8671
8129
8130
892
8132
4491
8134
8135
5608
3916
8138
8139
8140
8141
8142
7243
8144
857
8146
8147
5027
8149
8150
8151
8152
8153
8154
2977
8156
8157
8158
8159
8160
8161
7708
8163
8164
5212
1068
8167
6666
417
8170
8171
8172
8173
8174
8175
8176
5689
8178
8179
3223
8181
8182
8183
909
8185
8186
8187
3137
8569
8190
8191
8192
1253
8194
8195
8196
8197
8198
8199
8200
8201
8202
8203
8204
8151
1951
8207
4079
8209
266
8211
8212
5016
8214
8215
707
8217
5605
8219
9444
8221
8222
8223
8224
6372
8226
8227
8228
8229
8230
8300
8232
6056
8234
6417
8236
8237
8238
8239
8240
8241
8242
8243
8244
8245
8246
8247
8248
8249
8250
2115
8252
8253
8254
8961
8256
8257
1750
8259
3734
8261
8262
166
8264
8713
8266
7018
4765
8269
8270
4404
8272
6520
8274
8275
8276
8277
8278
8279
3494
8281
8282
6192
8284
1666
8797
8287
8288
8289
8290
8291
8292
2485
8294
8295
8296
9899
8298
820
8300
8301
2087
4196
8304
8305
8306
8307
8371
4186
1597
8311
8312
8313
8314
8315
9382
8317
8318
6672
8320
8321
9158
8323
8324
8325
9060
5806
8328
8329
8330
8331
8332
8333
8715
8176
8336
5073
4720
8339
6807
8341
8342
8343
8344
8345
4989
8347
8348
8349
8350
8351
8352
8353
8354
9269
8356
4941
4317
8359
8360
4543
6542
8363
8364
8365
8366
8367
8368
3967
8370
8371
8372
8540
4239
8375
8376
8377
8378
8379
263
8381
8382
8383
8384
8385
8386
8387
5649
8389
5351
8391
8392
8393
2711
8395
8396
8397
1155
3255
8400
5242
8402
8403
2969
7704
4304
8407
1435
8409
8410
7219
589
4207
8414
8415
8416
2577
8418
8419
8420
8421
8422
8423
8424
8425
3945
8427
8428
8429
8430
8431
8432
8433
8434
8435
8436
8437
8438
8439
8440
8441
8442
8443
8444
8445
8446
8447
8448
8449
9610
8451
8452
8453
8454
8455
8456
8457
1681
8592
7730
5902
6070
8463
8464
7088
8466
8467
8468
8469
8470
8471
8472
7001
8474
8475
8476
8477
8478
8479
8480
8481
8482
8483
8484
2257
8486
8487
9446
3025
8490
8491
1295
8493
8494
2726
8496
8497
8498
8499
8500
8501
8502
8503
8504
3886
8506
8507
8508
8509
8510
8511
4174
572
8514
9819
8516
8517
4732
8519
3810
8521
8522
8523
8344
8525
8526
3581
2401
8529
8530
8531
974
8533
8534
1979
8536
8537
8538
8539
8540
2198
113
8543
350
626
8546
1967
8548
8549
8550
8551
8552
8553
8554
9476
9300
8557
7632
8559
8560
8561
8562
8563
8564
8565
8566
8567
877
8569
8570
8571
8572
6175
8574
1723
1346
8577
8578
8579
8859
8581
8582
8583
2711
5747
8586
8587
8588
8589
8590
8056
8284
8593
8594
8595
3749
7683
4522
8866
8600
8601
8602
8603
8604
8952
4783
8607
7306
8776
8610
8611
8612
8613
8777
8615
8616
5574
8618
3257
8620
8621
8622
657
8624
8625
8626
5536
8628
8629
9109
3977
8632
8633
8634
8635
8636
914
554
467
8640
8641
8642
8643
8644
8645
8646
8647
8648
9989
8675
8651
8652
8653
8654
8655
2526
8657
1989
8659
8660
8661
9806
8663
273
8665
8666
2825
8668
3554
8670
8671
604
8673
8674
8675
7110
3119
8678
8679
8680
8681
8682
8683
8684
8685
8686
1497
8688
8689
8690
8691
7761
8693
8694
8695
8696
8697
8698
8699
8736
8701
8702
8703
2181
8705
8706
8707
8708
8709
126
8711
8712
5895
2553
8715
8716
8717
8718
9117
8720
8721
8722
8723
8724
8725
8726
3163
8728
8729
8730
7112
8732
8733
8734
8735
9015
9156
8738
8739
2093
8741
8742
8743
2059
8745
8746
8747
8748
8749
8750
8751
8752
1921
8754
4540
2788
8757
4838
8759
8760
8761
4697
3890
8764
6832
8766
8767
8768
6252
8770
5282
8772
8773
5056
8775
6517
8958
3819
496
8780
5646
8782
8783
8784
3709
8786
8787
8788
1340
8790
9085
8792
7080
4472
8795
8796
8797
8798
2587
1846
1160
8802
8803
8804
8805
8806
4272
8808
368
9295
2772
8812
8813
6375
689
8816
5440
8818
3468
8382
2084
8822
269
8824
8825
6466
8827
8828
8829
4181
8831
8832
3309
7980
8835
8836
8837
8838
4110
8840
8841
8842
8843
8844
8845
8846
8847
9832
4963
8850
950
8852
8853
8854
8855
8856
8857
5314
8859
7702
7174
8862
8863
8864
142
8866
8867
8868
8869
8870
8871
8872
198
3434
8875
8876
9631
8878
8879
8880
7860
8638
1006
6242
8885
8886
8887
8888
8889
8890
8891
8961
9871
5110
8895
8544
8897
8898
7674
8900
8901
879
8903
9517
8905
8906
8907
8908
5209
1566
8911
8912
8913
8914
578
1292
8917
8918
8919
8920
8921
8922
8923
3460
3878
8926
8927
8928
8929
8930
139
1086
8933
2652
8935
2702
8937
8938
8939
288
8941
1739
5768
8944
8945
8946
8947
8948
8949
8950
8951
8952
8953
2580
8955
8956
8957
8958
2671
8960
8961
264
8963
8964
8965
8966
8967
8968
8969
8970
8971
8972
8973
8974
8975
8976
8977
8978
8979
8980
8981
8982
8983
8984
8985
5850
8987
8988
8989
702
8991
2060
1706
8994
8995
8996
8997
8998
7993
1303
9001
5087
5007
2743
9005
9006
9007
9008
9009
9010
9011
2042
9013
9014
2042
6267
9017
4307
5304
919
9021
5034
9023
9024
9025
9026
9027
9028
9029
9030
6918
9032
9033
9034
9035
9036
9037
9038
1871
9040
9041
9042
9043
9044
9045
9046
9047
7514
9049
9050
9051
7941
9053
1684
9055
9056
9057
9058
9059
9060
9061
9062
9063
9064
6055
9066
9067
8050
9069
9070
9071
9072
9073
9074
8149
9076
9077
9078
9079
9080
9081
4017
1165
9084
9085
9804
4272
2221
9089
9090
9091
5017
9093
7703
9095
8647
9097
6533
9099
2359
9101
9102
9103
9104
9105
9106
9107
9108
6752
9110
9111
9112
9113
4345
9115
9116
24
9118
9119
9120
9121
2945
1301
9124
9125
9126
9127
9128
9129
543
9131
9132
9133
9134
7570
7090
9137
9138
9139
9140
9141
4434
9143
9144
9145
9146
9147
9148
5692
9150
9151
9152
9153
9154
9155
9156
9157
9158
919
9160
9161
9162
9163
9164
5744
5681
9167
115
9169
8860
9171
6901
2664
9174
9175
9176
9177
9178
9179
7005
9181
9182
9183
540
7831
9186
9187
9188
9189
9190
1921
9192
4502
1911
9195
9196
4138
9198
9199
1464
6467
1665
9203
9204
9205
9875
7838
9208
1414
9210
9211
9212
9213
4210
8974
5296
9217
9218
9219
9220
9221
9222
1196
9224
9225
9226
1966
9228
9229
9230
8600
7421
9233
9234
1157
9236
1719
4547
9239
9240
9241
9242
1373
7496
9245
9246
9247
6384
635
9250
9251
9252
2375
8229
9255
9256
2602
9258
4321
9260
9261
9262
9926
9264
7651
9310
9267
9268
6005
9270
9271
9272
9273
5469
9275
9276
761
9278
9279
9280
9281
9282
9283
9284
9285
9286
9793
9288
7959
9290
3621
9292
9293
9294
8887
9296
611
9298
9299
9300
9301
9302
4565
9948
9305
9306
9307
9131
9309
9310
9311
3260
9313
9314
9315
8453
1104
9318
9319
9320
9321
9322
4020
9324
2978
9326
9327
9328
9329
9843
2686
1106
6954
1880
9335
2745
9337
5015
9339
9340
9341
9342
4295
9344
9345
9346
9347
7082
1072
9389
9351
8427
9353
9354
9355
3150
2442
8025
9359
9393
9361
9362
9363
9364
6213
2902
9367
9368
9369
5955
9371
5344
9373
9374
9375
359
9377
9378
2452
4022
9381
9382
6223
9384
9385
9386
9387
4355
9389
9390
9391
7612
9393
9394
4151
9396
9397
9398
9399
9400
9401
9933
9403
9404
9405
1087
7485
5068
5451
9410
9411
3533
8639
9414
9415
9416
5008
9418
9419
9420
9421
9422
9423
2259
9425
2868
9427
9428
4558
9430
5978
9432
5348
9434
9435
9436
9437
4680
9439
9440
9441
9442
9443
7414
9445
9446
9447
1827
9449
9450
9451
9452
9453
9454
9455
5324
8207
9458
9899
9906
3599
9462
6849
1188
9692
9466
9260
9468
9469
9470
9471
9472
9473
9474
9475
9476
9477
9478
9479
9480
5319
9482
8348
9484
9485
9486
9487
9488
9489
5436
3305
9492
2565
9494
9495
848
9497
9498
9732
9500
9501
9502
9503
1379
9505
9506
9507
2040
7226
5853
5037
9512
8342
9514
9515
9516
5344
9518
5091
9364
9494
9451
9523
9524
9525
9526
9527
6959
9529
9530
9531
9532
6560
9534
9535
4970
9537
9538
9539
9540
5845
9542
9543
1491
9545
9546
5336
2924
2935
9550
9551
9552
9011
9554
9555
9556
9557
6456
2643
9560
9561
9562
2842
9564
9565
9566
9567
9568
9569
9570
9571
9572
8065
9574
9575
780
9577
9578
9579
9580
6881
9582
9583
9584
9585
9586
9587
1155
9807
8411
9601
9592
9593
2188
9595
253
3263
692
9599
9600
9601
1197
1588
9604
2626
6952
9607
9608
9609
9610
9611
9612
9613
9614
9615
3929
5229
9618
9619
9620
9621
9622
9623
9624
5372
9626
9627
9628
9629
2497
9631
5802
9633
9634
3487
9636
9637
9638
4328
9133
9641
9642
5367
9644
9645
9646
3433
9648
9649
7946
9651
103
9653
7025
9655
9656
7005
1324
9659
6527
9661
9662
1233
9664
2952
9666
9667
4150
9669
9670
9671
9672
9673
9674
7885
7149
9677
9678
9679
9680
9681
7864
9683
4391
9685
9686
9687
9688
8085
9690
9691
9692
9693
2761
9695
2355
2477
9698
9699
9700
9701
571
9703
9704
7810
9667
9707
9708
910
9732
9711
9712
9713
9714
9715
9716
6094
9718
8449
9720
9721
8425
9723
9724
9725
5852
9727
9728
4398
9730
9731
9732
9733
5666
9735
9736
5339
5448
9739
1542
9741
9742
9743
9744
9745
9746
9747
9748
6754
9750
9751
9752
9753
9754
9755
9756
9757
9758
244
7655
9761
9762
9763
9764
3535
4523
9767
866
9769
9770
9771
4516
8763
9774
9775
1233
9777
9778
6888
9780
9781
9782
1498
9784
9785
9786
9787
9788
9789
9790
9791
9792
9793
2272
9795
9796
9797
9961
9799
9800
7152
9802
9803
9804
9805
9806
9807
9808
9809
9810
9811
1369
9813
9814
9815
9816
3318
9818
9819
5715
9821
9822
9823
8325
9825
9826
9827
9828
9829
9830
9831
4395
9833
7680
9835
1441
9837
9838
4776
9840
9841
9842
9843
9844
9845
9846
9847
9848
9849
9850
8555
9852
9853
9854
243
9856
991
9858
8671
9860
9861
9862
9863
9864
9865
9866
9867
9868
9869
9870
9871
9872
9873
9874
9875
9876
9877
9878
9879
9880
9881
1156
9883
5158
9418
2845
9887
9888
9889
9890
9891
9892
9893
9894
9895
9896
9897
664
9899
9900
9901
9902
3988
9159
2523
7407
1825
9908
9909
9910
6807
9912
9913
9914
9915
9916
9917
9918
9919
9920
9921
9922
1791
9924
9925
5021
9927
9928
9929
3159
9931
9932
9933
6714
9935
9936
9937
9938
3934
9940
4377
9942
9943
6632
2142
9946
9947
9948
9949
9950
9951
8314
9953
9954
9955
9956
6236
9328
5843
9960
4266
2614
9963
9964
9965
9966
9967
9968
9969
9970
9971
9972
9973
9974
2522
9976
9977
9978
9979
9980
5636
9982
4964
9984
9985
9986
9987
9988
9989
9990
9991
9992
9993
9994
5621
3759
9997
9998
930
