1000
22
22
79
176
175
70
155
152
107
169
87
37
32
155
176
72
133
183
10
126
176
3
126
162
89
1
77
85
108
30
42
155
35
165
60
192
191
52
137
54
167
157
108
35
140
143
125
130
53
24
68
170
63
109
7
69
95
160
57
98
30
198
21
158
159
118
100
19
59
194
171
59
47
92
75
54
34
93
194
176
52
109
52
64
40
172
67
56
25
66
72
100
14
164
33
20
185
62
166
170
109
37
174
145
146
107
152
146
12
15
197
21
166
42
58
38
52
192
55
125
26
164
171
83
156
105
49
189
144
77
10
18
47
181
141
102
25
95
58
103
121
143
161
192
79
142
74
68
59
159
30
133
27
50
19
120
175
93
84
186
53
12
31
134
172
70
63
198
115
33
41
139
105
109
23
67
84
163
142
138
20
102
36
68
114
96
50
164
174
94
194
42
121
36
88
77
109
145
105
90
0
115
67
107
70
198
109
180
94
34
120
179
74
184
50
101
21
139
147
160
16
52
89
132
151
150
52
60
115
176
174
126
138
39
99
198
8
7
186
154
172
135
116
164
19
187
99
151
18
66
16
86
40
147
177
36
51
34
29
179
74
185
157
173
6
1
32
5
148
128
91
116
103
83
186
91
156
108
93
158
197
31
168
168
3
113
133
29
176
3
39
95
168
28
49
134
170
175
90
8
128
190
24
43
88
30
111
151
167
157
199
160
167
10
137
21
96
125
192
178
80
25
99
98
139
43
24
104
82
62
175
75
62
106
53
48
32
174
182
143
95
124
54
132
161
6
190
38
118
119
86
35
145
125
38
79
161
163
0
180
88
18
83
15
45
94
174
180
130
53
84
26
143
57
9
14
39
65
164
30
89
189
102
69
102
117
139
122
36
177
140
157
140
90
4
98
26
4
65
110
123
106
18
126
134
52
98
23
198
71
130
159
178
180
22
94
63
161
100
193
136
15
165
113
60
127
40
89
87
111
98
199
152
85
132
11
61
193
150
34
13
111
11
138
189
52
152
104
191
154
18
104
31
99
33
156
38
95
101
120
26
37
63
66
72
167
119
125
129
28
135
199
35
69
77
79
148
12
124
37
46
78
116
25
172
145
80
79
105
186
162
73
97
178
159
129
120
5
162
108
172
160
22
35
100
17
118
165
39
4
103
46
52
50
51
38
182
70
31
103
122
60
164
124
187
157
175
38
131
75
12
64
178
14
69
21
14
103
58
170
29
100
128
152
0
96
22
58
189
105
98
45
33
10
25
46
187
129
143
181
126
194
178
175
164
99
119
10
74
156
110
48
159
71
160
133
51
102
45
195
122
105
79
197
17
98
151
14
171
101
44
119
170
106
36
31
108
45
174
145
71
34
158
32
155
106
58
172
68
181
38
124
114
157
136
20
184
94
199
3
118
28
116
168
20
157
146
177
121
21
33
167
139
1
75
82
13
56
140
114
8
71
14
55
39
198
27
166
30
100
5
53
23
96
58
65
185
88
95
66
118
11
152
30
20
118
41
100
39
70
38
141
101
80
161
100
171
128
178
117
82
125
120
1
3
177
79
197
163
130
49
126
98
64
125
194
141
122
64
71
148
123
137
46
104
93
139
43
30
83
169
1
22
152
54
158
29
30
90
47
108
103
57
101
149
194
196
169
184
108
154
92
4
152
194
169
144
71
178
27
28
118
35
120
153
103
150
141
62
42
74
20
58
195
197
4
181
143
34
147
159
18
124
87
182
196
69
159
52
64
175
44
73
82
41
41
80
105
129
134
118
60
17
132
36
140
160
138
79
6
143
160
132
8
4
98
83
106
6
146
28
183
52
29
76
34
26
19
162
21
20
165
57
170
186
75
130
188
195
190
185
76
183
0
3
7
166
41
53
8
121
85
28
99
38
137
163
185
191
153
16
171
53
177
179
129
149
181
51
104
191
93
163
101
60
14
198
143
127
17
47
63
61
193
81
128
199
50
188
117
83
117
195
10
16
99
34
135
108
103
126
59
84
105
41
175
167
177
28
26
169
8
177
168
141
139
18
191
39
112
2
51
47
65
149
35
56
75
47
9
164
6
27
191
161
99
41
162
60
142
64
63
18
115
159
177
191
55
112
150
17
96
176
2
15
27
98
6
120
119
17
25
129
17
73
71
137
162
178
145
76
176
59
114
4
54
22
147
158
4
11
48
60
22
171
81
89
5
18
19
132
59
139
90
13
134
53
71
45
71
42
131
52
196
67
139
139
87
78
100
67
133
162
184
189
25
46
76
115
162
