1000
311
1
2
3
695
819
6
7
824
9
10
11
423
821
14
15
16
176
18
19
20
21
709
23
24
25
26
256
28
29
321
251
32
33
34
35
36
787
38
39
40
41
42
692
44
45
467
47
48
49
669
51
52
757
54
55
596
57
395
59
60
61
401
63
64
2
66
959
638
69
569
71
72
73
74
75
76
77
78
45
80
81
82
83
438
85
86
87
67
769
919
91
92
93
94
478
96
97
98
99
100
980
102
103
68
923
106
107
108
704
110
111
112
113
114
115
116
117
118
119
120
121
122
611
124
897
126
776
128
129
130
131
553
133
134
345
136
116
138
711
140
141
142
143
144
885
823
147
148
149
150
848
152
153
154
155
156
157
158
159
160
161
162
559
164
165
166
477
775
471
832
171
172
719
533
175
176
177
30
563
203
181
805
183
184
185
186
187
188
189
190
191
192
193
194
128
196
197
198
199
200
201
202
731
799
205
206
207
208
159
210
211
212
213
214
575
216
217
218
219
220
221
485
628
101
225
226
227
228
229
230
420
232
993
234
696
236
151
238
239
806
565
957
243
244
245
947
369
248
249
250
251
324
253
254
255
256
257
258
259
755
261
262
263
264
265
266
267
268
269
138
271
272
273
274
275
276
277
278
43
280
281
282
775
284
285
286
287
489
289
391
291
858
293
294
295
296
297
298
820
300
301
302
213
304
305
30
307
308
309
310
311
312
77
28
315
316
317
712
319
320
321
322
883
778
325
454
352
966
329
330
331
332
333
334
747
336
337
338
339
164
341
342
343
349
345
346
347
104
349
350
351
352
353
109
459
356
357
358
359
986
71
844
363
364
365
366
367
368
369
370
371
372
373
374
375
159
878
378
379
380
381
768
383
384
269
386
387
388
389
390
233
392
52
394
395
396
397
398
399
400
401
589
403
404
766
406
407
408
409
60
835
462
4
997
229
416
417
418
419
420
421
422
978
424
425
426
427
981
429
430
823
432
433
371
435
783
437
438
439
440
182
442
443
444
445
175
356
448
449
450
451
905
989
549
756
896
457
679
459
460
461
193
463
598
465
976
940
468
469
470
471
472
473
474
746
476
477
478
479
480
481
482
483
484
920
600
487
470
246
490
491
492
493
494
495
496
497
498
499
500
43
502
666
504
505
506
507
385
509
510
576
512
47
514
797
366
517
518
519
520
834
805
523
934
682
526
527
528
479
688
531
532
856
15
535
536
275
301
539
977
541
542
543
584
545
546
999
372
549
203
869
552
553
554
555
556
541
558
559
951
561
859
563
564
599
890
735
568
852
135
571
960
573
574
575
576
577
578
98
371
581
42
583
43
585
994
612
588
755
590
271
592
593
594
595
596
172
598
599
600
601
602
214
333
46
4
607
998
786
610
542
612
165
303
789
237
543
543
619
620
621
614
623
12
625
450
627
628
420
630
962
675
836
634
635
31
291
101
639
712
320
217
643
644
645
493
120
729
649
650
651
652
653
654
722
656
657
736
659
660
661
662
550
721
745
919
667
668
435
670
516
672
560
720
675
676
677
678
679
680
681
932
683
684
857
686
687
63
728
690
691
692
693
694
695
696
240
645
892
700
716
702
703
704
705
705
485
708
709
710
481
246
713
714
715
716
441
718
33
720
721
366
723
83
725
726
727
728
729
864
430
732
948
912
735
897
787
738
651
740
741
487
743
744
745
927
747
748
749
686
751
752
36
754
984
986
757
758
759
760
761
762
763
764
765
766
767
768
769
263
771
772
773
774
248
776
777
778
779
780
781
782
625
784
785
631
60
788
789
790
791
792
874
821
795
796
467
798
799
800
801
802
473
599
805
806
807
808
809
320
811
664
813
354
815
228
817
818
909
537
138
603
823
76
825
826
827
934
829
830
831
589
689
214
835
836
837
825
839
840
841
842
843
134
845
939
847
848
849
850
851
852
853
854
855
682
857
372
859
860
861
486
863
864
865
866
867
666
869
852
871
872
873
874
99
876
877
878
879
412
881
882
883
884
986
734
887
888
889
302
725
653
893
352
895
987
897
278
899
875
901
859
112
127
905
906
922
908
909
209
100
262
913
914
915
727
592
918
919
920
921
558
670
593
925
926
927
928
966
758
931
932
793
333
935
299
354
204
540
940
351
942
943
312
945
946
227
948
949
950
191
952
911
954
244
956
957
958
959
960
930
962
963
964
391
111
967
968
969
180
971
613
518
305
715
976
977
978
979
980
981
982
708
918
985
791
987
902
989
990
631
775
993
994
995
996
997
998
702
