10000
6261
6013
7491
1705
2849
299
1305
5228
9256
2768
7383
6965
3017
2283
9872
6928
3495
4354
8127
7459
7089
9626
1110
2513
9108
6865
6945
9538
9076
3949
1973
4444
71
7696
1430
5927
3265
7562
1333
7863
6002
3143
2285
7083
9834
1673
7851
3324
8775
362
7678
2143
6192
9441
4244
1995
545
8102
6935
8262
2656
503
9306
5013
4346
356
2336
6304
1997
3786
8601
247
8925
2078
8617
2912
72
3136
7959
6645
2104
6104
5740
9226
4180
8551
5500
3804
7327
4024
904
456
7351
5432
4823
3463
8094
7694
6086
1888
7266
3820
6902
2776
6510
4721
3349
2666
3619
9130
4478
4515
7256
1257
3335
8214
43
1689
5639
4614
3202
9600
8005
5918
5728
9015
2852
8087
7998
3527
4470
8806
999
6514
2480
6981
1811
1527
2902
3481
4634
9507
8202
7381
64
3967
1612
4549
4094
7395
2492
5207
9706
3660
3644
208
4677
3258
7363
7420
6416
9244
5440
1984
5190
3968
2630
6330
9383
5037
6224
876
7653
5434
6841
3663
3478
2540
8670
4683
1026
2661
3485
5561
2982
7735
1581
2055
5551
9828
2123
3306
6230
1467
2095
1512
8462
1389
8995
1849
945
2860
1686
6742
9051
6895
8594
4031
9995
7670
3926
9134
8573
7228
182
458
7673
8846
4850
353
7450
2105
5984
938
4492
2305
2662
4198
1659
3468
4712
8169
9965
5286
967
1483
5634
614
9910
9593
4707
6193
8136
442
606
4208
4868
6657
5683
8967
108
76
1233
4330
8546
2239
1192
8766
273
812
2413
881
7195
1650
4995
5739
1665
5492
7105
612
4460
5438
1005
7438
1990
2330
2360
787
9098
402
359
154
5269
6133
1712
5623
9697
2213
4047
8774
2000
951
2958
4512
1201
7414
5911
8623
3237
3682
810
4854
7745
9311
6921
3728
6359
7082
9000
3759
3058
6744
9290
5479
6161
7822
8347
6689
7607
7250
807
5180
3338
9377
5496
4915
4114
6726
4668
895
5239
363
2690
5621
2914
8278
5837
1341
8847
1315
8800
2228
2758
315
2317
8896
8157
5557
5293
7818
5625
5564
3520
6868
865
664
6752
7618
558
9231
7894
6126
1797
1565
1359
5196
5078
5798
5641
2678
6720
9005
8750
6189
5538
5725
1096
953
7081
8380
4832
1461
8525
3730
6445
2980
3883
8410
4279
1063
3737
8266
6738
2292
4425
5998
4329
5197
8203
9192
2801
4946
1778
4878
4714
5617
3922
3375
3021
6132
3025
9321
4225
4280
9704
7542
2319
3723
2170
9670
1001
3628
4499
1361
9685
7932
2026
7750
6990
41
8067
7970
6460
9739
1746
1294
9950
2333
8920
5160
3205
3642
5749
2210
7434
6740
5973
4678
5946
511
1097
9671
1783
1306
460
7418
8676
1884
4274
8665
1956
6094
1152
2692
4310
6232
5509
5762
609
1756
5413
4299
5522
8550
3856
2270
1751
3003
5493
4606
9341
4567
7106
4738
8290
8693
6453
7016
2419
3555
2339
8163
8117
595
7935
9984
3881
1488
2043
7041
9285
4019
6347
2275
6789
669
696
7565
1784
3146
4422
716
7524
1319
2819
842
5168
8568
832
6590
3045
9259
5359
6890
4867
2329
4278
6905
1514
6060
7318
3344
5907
9505
1996
1270
2347
4541
7918
2928
4373
8342
5443
4170
5444
3328
9142
5284
8457
2219
5435
3733
1132
2921
5364
5351
3410
7017
5934
8425
7483
927
5646
6575
9261
9150
8817
4522
2271
8092
1661
4507
3322
8823
8493
8312
9863
1537
2131
1424
2744
1787
1214
8792
2989
240
369
1116
1325
2573
3602
6151
7563
8985
639
5921
921
1963
6662
378
3892
8735
2722
6578
8240
7035
4644
8428
7138
4809
173
1619
7401
152
7111
4893
7021
5867
6978
2475
4178
5120
9278
8919
9680
6929
1388
3193
8335
6147
5247
8245
3725
823
4088
6225
5657
8615
2717
3486
4070
7791
9804
7864
4004
7247
801
2062
1290
2782
2907
3327
1713
7738
5396
8422
528
4219
6581
1091
4646
1872
1987
3126
6580
3008
928
1833
7608
9083
9358
8687
8031
6422
4002
1441
6016
7979
2034
1629
3053
5983
7099
826
2204
8448
4583
2007
2675
3085
6070
7695
5287
1492
8517
9866
9566
2456
6280
3156
3514
4351
8491
7312
1239
879
9886
8903
56
751
7419
9676
6584
8447
1841
9067
5848
3160
8788
6380
5420
316
8438
1479
9297
2846
4531
5991
5335
8880
780
7404
7060
9265
6831
7015
6715
8048
5851
3879
8281
1662
4564
144
2459
4363
1578
7142
7764
4976
4603
7370
4327
8146
1910
9146
3264
8260
2256
9710
1
4921
8697
7983
6231
8929
387
414
9817
4592
1666
6925
2927
9534
7734
2642
3292
2610
8375
4984
3069
1077
6392
7225
7782
4168
6505
7820
7006
85
6847
9463
788
5941
6749
1240
7260
31
9063
3693
3793
9416
7258
707
3719
9720
6557
7315
99
3312
5865
4150
9195
2565
9867
2632
1034
5164
4977
6180
8036
5142
2509
1070
1767
5040
4786
5398
6849
5889
8167
8128
5690
893
5525
6769
897
8017
5395
9885
9340
1824
8052
6290
9927
3395
7328
3715
6215
3100
7893
8996
9890
8597
5966
223
6829
9203
819
1993
7676
6282
5708
2425
8081
6949
425
8402
5695
3176
5018
1861
3319
1897
3465
8637
2612
465
6211
6765
2713
8681
2238
3254
7531
459
2894
9141
5176
1557
2522
8308
3668
7509
8825
7340
8235
697
2832
3548
9205
1364
4410
277
6037
2346
3441
349
9748
3609
3834
1943
2386
334
3147
4883
8917
3248
2704
2140
7005
4896
535
9471
6681
1651
1813
4316
3286
8377
5555
1952
3621
3542
2586
748
3969
5979
3955
8416
7365
2502
2507
7427
4777
932
5901
6465
6296
1720
7717
1733
855
5476
1538
4262
9363
9903
9407
6120
5559
1090
7104
8413
1949
9549
5659
7376
7534
8383
1683
1346
7556
9308
4772
4705
2173
3828
5155
8943
1658
4454
4579
3756
4120
6209
1615
7511
5362
6852
9161
6475
4037
8190
2981
433
4986
2772
1745
6061
3750
9551
4049
8796
1419
2060
5914
1213
7263
7242
9474
848
6118
2544
3630
7619
389
5121
8950
6321
4263
5854
9622
4005
818
7269
8176
9159
3009
6393
9913
7896
7686
4813
2707
8949
4797
2169
3336
5716
8011
3724
2324
3024
6951
9608
2416
4287
3872
279
9857
6015
2176
210
2619
9452
1118
3424
8111
6128
4586
1468
1079
9219
8014
6042
7605
4765
831
5824
8175
5498
1631
5113
1969
3080
2306
4413
2715
6256
2607
830
6883
4513
6051
3706
5952
9209
7222
1413
1985
1684
6885
5499
7508
2047
4547
342
4309
1999
4910
1399
7080
8432
3181
9958
5375
7758
8643
8227
2729
6115
6853
3209
6656
3471
5392
655
8606
4107
4235
2444
1856
4855
2349
2972
5412
3330
5930
5712
3077
7690
2486
5423
8026
4703
1296
1982
4435
487
1821
8110
5300
2774
7088
1668
5194
6075
395
5167
9682
7218
494
6466
439
6153
6066
7339
219
1109
9635
2631
2896
8010
6747
6643
3592
345
8354
2955
4072
964
9326
943
65
1007
3163
4487
7895
5949
6968
9367
8529
3107
4467
8874
4985
2428
5599
2264
4643
5403
225
9260
4213
5483
6857
9981
9116
939
1455
2036
8851
641
8188
1530
9937
9489
1224
6960
5537
119
3703
7133
3852
3596
9586
590
475
2842
7077
3557
6682
6294
633
1814
7238
9998
2294
4560
5310
6687
2552
8813
1513
8098
3521
1322
5182
4744
5915
739
777
278
6103
4485
1394
1368
8921
9855
8407
3989
9966
5016
4402
2371
3155
7462
2603
7736
7103
401
3015
2935
3671
679
8815
9684
7026
6089
5656
8216
8496
6709
3860
7850
5156
9590
237
4255
3010
2421
6478
2567
9360
5832
1553
8002
6591
6079
6235
2307
1338
9681
7713
9403
9428
3164
495
7019
2508
7688
8819
4987
418
7465
6886
5947
2083
2865
2274
7910
7042
5106
1117
9692
6315
747
1753
9188
6755
1548
5536
4580
4200
1780
6034
9849
6499
6937
1586
4395
371
9138
5886
7150
5467
3721
2621
6897
2088
7458
9891
3404
1292
6923
2578
2217
3366
2231
9409
2375
4320
1218
552
7691
4628
5612
6274
2628
8230
4524
9191
3568
2651
1320
6761
467
2474
8826
6615
7468
1932
3192
1198
5580
6367
7860
1373
9786
4394
7737
7656
4934
6198
5920
7514
2404
9234
6322
3581
5456
8557
3419
2208
5619
3044
3207
4566
6470
3180
7566
3736
6913
9800
3377
9939
5812
2693
4446
4928
3645
8515
5531
6524
6610
5541
282
408
3079
9967
3608
4481
5468
3467
6598
5592
5421
1977
5630
7867
6314
486
5262
4455
9055
6081
1206
7785
7430
1679
8592
368
875
4128
4332
7326
691
8313
9578
2706
4015
8436
8845
4023
354
7623
3636
7347
682
924
276
4769
9272
6207
4464
6639
850
3047
7989
8537
8061
5648
9030
7840
5786
611
7001
2455
8502
5470
9394
6358
4237
6634
7914
7281
3230
1726
5189
8549
8514
4127
6035
3317
3425
135
2500
833
5751
5971
7606
26
415
4653
5963
8843
4851
1146
6360
7700
851
6979
9233
3305
7257
7121
7581
3995
1302
6559
9327
1692
5895
7780
3353
6415
8043
5131
7520
3983
8460
7569
1153
9120
3802
8679
845
3418
8039
1472
7109
7620
860
6508
6702
2850
7862
3433
2863
6845
9346
5969
5694
1134
8068
8580
6307
5685
3092
3459
5800
8197
2792
5328
1829
7693
4256
1768
9611
8865
1456
4621
7475
3411
5879
5780
6494
5213
269
7811
253
6663
6108
5330
1398
9204
506
1499
5853
8263
9072
9242
6574
78
8305
5068
9789
3161
8435
8984
3101
5686
7476
7558
5144
3370
6048
4117
2669
7043
7887
9952
7040
6756
2150
7460
1080
2961
4847
4879
8288
3382
778
2046
8794
2926
6693
7107
1937
1185
1100
2227
1417
7661
2357
1920
7874
8174
1030
5828
429
6855
9822
9022
9157
6862
5747
522
8522
3032
4189
3050
3289
4685
5458
7075
5750
7679
6018
2179
2366
5199
1000
3716
9382
8362
4918
9336
5082
519
738
3255
9465
8518
3811
5757
5504
1594
8566
2116
4214
7397
5489
8192
5005
890
1042
3990
5308
6334
1902
9069
160
7292
6511
6152
9503
8779
8721
2071
8770
8343
9758
3763
3225
7074
9931
6474
2135
4123
8095
2491
2367
5604
9907
3455
4559
7765
4383
3942
4308
4609
3868
1531
7637
8480
8560
8016
4352
6613
4272
6630
6605
7
3086
1262
3603
6563
2411
3740
2191
5482
7093
4358
6369
2685
8242
4994
3056
4783
3580
2946
6878
84
423
7022
3409
6547
5288
7980
3052
9286
9419
179
1894
873
1113
6045
6946
3435
4403
2791
2328
4355
2224
4282
1946
8000
531
4296
6995
8204
6122
5602
9101
5146
4283
2538
7151
3037
7726
1560
123
2048
9210
1573
2514
5905
9084
8186
5894
9287
4869
7453
9900
9220
2220
9091
9163
3544
2432
3840
8649
8740
4581
1672
9044
3154
8013
1708
1013
5393
7797
7488
7574
9637
1741
289
9604
1828
1480
7614
6253
3492
3487
485
3618
5510
5807
4098
5294
136
4715
5405
2530
8306
6001
7681
1057
3950
8712
8905
4175
1839
4134
3677
1231
6170
1300
576
9844
6858
2517
5903
6014
143
995
7394
4860
2323
8700
4892
2942
42
8605
4613
7275
651
4033
3129
1674
6325
4216
9196
8869
2809
637
489
9731
5761
1266
1220
4574
4626
7124
4304
8931
6661
7139
5988
1475
1135
1637
650
1724
3294
1822
6482
1582
3558
9650
1402
4161
4695
6980
1702
8857
7426
7009
8543
1704
4940
1015
1556
5091
8954
2030
4318
5234
6365
9347
548
9273
3632
9825
5345
3923
561
8873
5
3339
4952
1923
2580
1011
9579
5722
9677
5654
8071
5296
1123
9497
5009
4362
4014
8244
2703
9281
6576
5126
256
9126
6467
547
1799
516
7264
471
7429
110
2011
9468
6729
3371
9616
8979
5674
111
1587
5517
6119
7551
781
9784
9264
6809
6652
9695
4360
6226
7853
4877
9652
6834
1614
4482
4916
7078
2136
7937
4648
9853
703
3213
9136
7254
2587
9378
2296
9894
5109
6178
6073
7873
6121
7280
671
7181
3039
6596
4116
766
6425
3655
8246
6638
3767
9736
2696
997
9019
4407
5422
7037
8181
8368
538
7603
7781
8123
3287
3363
9050
2569
2343
2441
4231
7413
2962
524
312
3023
3132
776
4975
4670
300
4229
7231
145
1377
2941
3914
6183
5754
6202
9095
2450
4897
4264
6451
8219
1393
2563
226
9740
5495
3342
6987
3093
319
7044
1332
2202
1660
1156
7839
7063
5232
4157
4658
2096
3065
5719
7212
9836
8298
8097
7613
3661
4166
4119
3271
929
6520
7634
9490
4156
1641
7638
4760
7622
5281
7239
5748
1805
3652
1542
7332
1643
9476
8816
5158
7909
580
3329
1227
4889
7233
8871
9794
7361
5908
7793
7977
3863
5640
92
367
3501
6541
2911
546
3517
164
2855
3359
1577
8373
8680
2648
8037
1173
906
1035
5339
7946
1855
6297
9499
7611
809
9948
1150
3073
1820
549
6457
2477
1685
2370
24
3106
8439
7911
3570
9117
2748
4071
5183
7817
3779
9112
6201
7987
6175
8134
329
7875
1749
4856
3288
9996
3150
6432
8912
9212
1763
3078
139
4321
1367
121
675
527
2684
2049
2576
4843
4730
7036
1844
9823
2297
267
5882
9631
8118
1130
2804
7378
5608
5727
3179
3747
6760
7118
5706
2109
51
9879
1188
7866
6926
9599
9908
7775
7639
186
9041
9065
6745
603
9232
920
6486
1883
5673
7356
9561
3876
3033
4462
9384
4735
1998
3239
7920
7871
3476
5366
2773
1397
2915
6827
731
1286
4740
841
3565
1010
6491
4205
2454
193
9516
7343
8412
8733
949
8957
3649
7182
713
5439
1583
9528
3707
7954
3807
8736
7183
5904
1031
3585
7814
7057
8614
1412
653
4794
364
3815
4720
4733
7552
5274
7689
8563
9214
8719
5591
4630
6775
1798
5134
2738
9643
5090
8472
5424
6773
4051
234
5378
7160
8341
8645
8603
5985
6509
5589
8646
1913
9282
8113
816
1066
9039
2
941
4488
4096
767
4743
4076
6313
1289
1137
1103
8724
5191
6801
9481
3823
6101
434
7178
9024
7224
7756
9215
3075
5698
2562
1155
933
6907
9462
5843
2253
6936
699
7463
5240
3168
8338
7680
7431
3533
2930
9775
9875
2442
4527
551
4013
2618
8765
5370
4420
3574
3796
5298
4862
3895
9458
3223
9764
5099
2073
8221
3774
3595
7068
2279
5981
782
9750
2400
3234
4806
563
5736
663
9755
6672
3351
7748
6011
8913
5252
5636
3300
534
9986
5811
6507
9075
2378
1657
4111
2966
6800
8159
872
9765
2338
8360
8294
4055
4577
3590
8054
3450
7545
6683
8041
3550
1876
9046
5655
4947
2121
7649
4369
4109
6303
9066
7844
4525
6544
6758
6843
3378
7389
7644
8947
2215
9397
4093
2385
2372
597
6863
5372
6156
542
5437
1101
8325
885
1418
5925
7391
6423
1174
4326
2993
2785
9987
4295
6880
7880
5606
955
1850
4136
7752
328
5613
5214
1384
7648
1425
1857
3948
647
141
6349
176
1852
6908
4257
5767
8321
2252
7949
828
6828
9634
5992
5354
1520
9577
3105
5715
6149
7206
7865
1950
3456
2727
4043
1428
1164
1012
5586
6992
8934
1317
7119
1836
4169
2626
1642
3685
2519
4344
9263
8791
4578
3688
6105
6974
1511
7313
7968
5912
9774
2505
3978
6263
2331
4922
5475
7223
9982
2897
4054
3752
4632
5809
4381
7942
4528
8853
5771
3500
3972
6533
3296
6267
9376
626
2503
8116
4095
469
7657
7152
9053
9985
3518
658
5387
27
5601
49
5181
2423
5567
891
5705
6184
2549
2564
5850
7204
9001
4565
6114
3462
153
2151
618
7480
6892
1823
8455
2838
8456
281
5990
3616
9330
4788
5355
7283
7024
3780
2950
50
7409
1366
3980
7282
6137
8714
5993
839
5583
3979
3579
6340
3385
6546
4767
2190
8057
4925
2589
4882
7746
1128
9920
2714
3469
9520
1698
3588
3772
48
447
7664
2670
9580
1617
2418
9960
4167
857
1818
5210
1620
698
6191
1075
6427
1680
7766
7265
7241
7101
2018
5937
4185
4719
5769
4509
1618
6362
1004
792
4596
7855
2087
3072
3421
9307
3986
8811
1088
9082
7615
3638
2998
7697
593
2128
5909
8293
3315
4834
1416
9978
1280
7743
3830
39
4146
5147
5535
5425
8269
7971
9172
7559
1212
6620
3290
1926
4533
6735
9335
1758
7710
1060
847
6041
7499
1433
2639
9484
5383
7985
648
5624
1664
9629
8069
4129
4853
5356
4576
2353
1604
7824
6448
859
2168
5251
9400
4270
2363
991
8945
8161
3675
8636
8033
8639
7270
6337
9962
2550
9665
5107
9648
268
6473
5451
6088
4718
1907
8644
3531
2429
996
8722
9429
8440
4443
5801
5628
1274
5463
2318
8839
8872
7961
900
8220
1854
4179
8608
2617
8977
1613
7334
9729
6072
532
8785
2813
3532
9181
4389
2735
8476
4739
7829
5070
9255
972
8941
4132
8864
7387
6351
4825
4543
632
9540
9325
9317
2512
2973
8959
501
4092
2609
4550
8511
688
1337
4073
4495
1590
6196
4810
4081
4250
4056
1636
8844
2164
3141
8575
183
13
2553
4848
2452
8790
4988
3001
1112
1771
6991
5542
2733
3346
800
4090
6733
8147
6612
6503
6788
840
2996
3709
1633
5959
8330
3833
7165
7148
5469
2045
9267
9970
8255
204
7719
4108
1533
644
9615
5958
774
4021
922
5609
9762
265
7285
170
9585
3174
9155
6599
8933
1409
5059
2029
7155
2820
3035
6458
9638
5087
8154
5272
7002
2968
2627
3898
8345
9871
3422
7525
574
3
9796
7132
7267
2925
2511
8999
1059
6537
3697
9630
5684
1084
3855
436
9760
7296
6262
5161
7527
5891
9582
6838
9654
4353
6684
3145
3572
9269
3148
6877
6798
3360
4038
2293
984
9842
4361
786
308
7059
6872
1429
8672
3320
8408
8164
7153
1941
2185
3445
8884
1916
9696
7288
6134
1931
9190
6753
3376
275
9034
6835
2777
2301
1648
9078
4702
9121
8035
309
4833
8479
572
6642
7960
158
7145
934
9688
4207
6931
1392
2593
9572
4618
6712
8295
6717
2242
8006
7417
4926
6932
12
6597
5124
4501
8403
4121
3123
7490
4147
5204
2235
4758
9657
5130
2067
9880
2359
2010
8049
5280
889
6648
8946
6411
6498
38
530
6814
2449
9932
4209
8635
3446
4935
2879
3236
1786
3720
6975
5487
5452
9368
9979
9581
5560
9770
1945
2101
5389
8089
3835
3247
2493
8962
7067
1408
8650
1951
7892
877
871
8450
5618
4514
7593
3491
5940
4612
374
4798
4347
1509
6719
222
4674
8613
3242
4532
3634
6540
5615
4930
6283
2490
7513
607
1207
5058
3226
1588
793
5953
2789
9620
3038
2405
3515
3529
9902
1924
5062
1431
9354
4587
7506
7711
1237
9309
7045
911
6159
9521
6635
9865
5015
3498
2395
1765
4751
2351
1178
8548
9799
2226
4790
1580
3631
2268
6636
6556
9312
5539
2448
4782
4619
1922
5714
1272
5157
3783
6762
3402
7803
4182
1154
101
82
2983
3473
7290
2288
9230
9436
9045
7699
9439
5975
5175
1381
6679
8725
4416
7388
1942
7584
1576
2976
1816
4691
2082
2260
2077
7665
3910
2348
6893
861
2806
7586
5246
1616
8429
2483
5035
9632
8668
753
7788
346
228
3291
7147
298
2158
188
8199
2953
4711
55
4585
8453
5699
6464
729
2698
7996
9002
360
5494
8310
1979
8993
4432
307
6616
6154
2017
8122
2880
6065
483
6783
6869
5162
9946
9353
7333
7322
1989
8966
9512
9486
2829
1358
5839
7440
9173
2995
7189
3416
162
5524
3388
1819
4884
6333
1190
386
6361
8213
1120
4155
2040
4516
1208
1234
8975
3821
9850
3641
2835
5671
3158
3698
8168
2041
5104
6434
3903
203
6481
8326
8780
4838
8875
9514
9502
9723
1195
1887
1663
3185
1466
397
2515
2427
1980
6069
477
8187
4820
4245
2994
3149
5208
249
7048
9656
8812
97
1988
132
4959
3654
4085
5337
4727
9302
3962
7014
6287
8831
9741
5079
1401
1869
361
2561
1764
7495
9940
5595
4483
5008
9171
370
7008
5942
62
8908
7973
2284
3551
7929
5781
1434
4069
5292
2468
4164
1228
710
3227
9222
1189
4919
666
7374
7519
745
6141
9280
4440
1630
4300
2308
7950
5486
9529
8442
7324
190
9655
8883
8226
3970
7721
4105
8889
5285
5899
8478
8981
6160
5152
9563
432
5855
2165
7692
2770
2399
4206
6859
8797
9337
10
742
6882
4948
6989
2122
5195
2977
4233
9751
1258
9543
8158
9602
8141
2650
1528
3679
8414
3936
2379
6426
2415
2918
7114
4034
5568
8994
5305
8754
9480
8820
6
7881
4215
7740
9645
6532
3870
4388
917
157
2153
3924
4306
2559
6637
2951
3692
9026
3562
1870
211
3302
1435
6585
7271
6243
4622
1639
341
7777
6534
5660
6237
7215
9423
7526
6555
5178
6398
221
7547
3298
7092
8498
8503
4830
1826
4604
9262
8038
2608
8285
3169
6077
8660
5550
9365
9013
9605
5511
2924
8731
3308
4365
8778
2258
5076
8885
8782
8625
3028
2147
112
2825
53
9666
9627
3159
7301
9523
4080
7240
1501
4876
2833
3103
4645
5241
5931
8970
9099
701
7448
6654
4684
2281
8940
9742
1304
4042
6730
4932
9037
6329
137
7076
6157
7642
764
7957
464
7141
625
4667
5454
3283
6378
9300
3026
1082
9584
1656
7297
9193
1525
1335
8704
1635
7321
7278
8976
6955
1204
3946
1115
2005
5720
7825
8237
5386
1777
6820
9012
9166
9815
4220
5128
1140
9247
803
1526
8640
4536
7938
6182
3042
8528
6768
6825
9111
5818
8238
9332
2597
7899
1835
8595
5257
6512
1976
9127
8527
9930
8009
3646
8059
8579
908
1524
8484
9781
8207
3016
1048
7029
6629
1599
6517
2877
6302
8632
8499
2555
3088
8604
3364
7964
2394
1371
8906
1782
8581
8610
2458
2496
5344
8324
4716
9524
9707
7792
8648
9310
1285
2203
8229
7682
7273
9588
7962
9248
5543
1111
4873
6006
6084
4546
6010
6704
7287
263
3130
8012
3334
2167
2090
5098
5944
4339
543
3639
4594
4199
90
3896
7451
5261
8494
8241
4886
6891
4815
2074
88
758
6007
6402
8205
7199
5097
1345
8119
9553
715
4778
2058
7667
174
7502
1375
5250
7621
9912
6938
5825
254
2745
824
3108
6728
1114
6722
9972
5283
5133
4504
449
9737
6031
8066
2756
4523
9997
8409
293
7311
156
5791
3766
7293
7882
3406
1690
1958
7130
8935
1041
7162
2546
2811
1860
5732
8394
7714
5650
7624
8042
3488
9086
8382
9296
6694
81
9380
7095
6449
6779
8955
3341
6879
4812
2787
7065
8091
3427
5471
7969
8590
2620
6271
5840
5365
8784
2489
6145
9715
6647
596
5077
3253
6961
448
6352
1547
1964
296
1539
8531
8968
1549
6607
6776
3534
323
2904
2326
5677
196
2623
8222
1414
9509
2130
5333
2571
670
6009
2978
2861
7362
7046
2636
3196
4821
6906
3099
499
562
6791
118
656
9004
3070
2091
1992
9924
4124
7331
7149
2537
3210
1506
1355
6523
6551
3932
4100
2057
6587
7406
9167
8633
6003
5954
5842
7428
454
9674
7194
930
6346
6982
258
7819
7771
4138
8586
2541
8079
9833
4442
1193
8699
3801
1313
5060
3878
399
3460
9246
4686
5829
7773
2800
7598
9753
2004
7039
9614
8096
2867
5089
1209
837
8512
9487
9040
3617
3002
3386
5856
3068
7529
3449
7570
3524
6677
1921
4629
5872
5092
6579
1815
3684
9478
714
8184
791
662
8046
2799
8761
1744
35
3831
5607
8692
750
1848
297
2426
8734
9456
3810
3249
9483
7055
2314
8866
6628
683
4503
6516
5159
3133
7341
9124
7845
3927
3806
4899
5759
2613
631
6819
9812
6724
2786
9848
9859
2137
6964
5193
5932
4252
5514
2234
4502
7053
709
474
2384
1589
1323
2299
2117
1567
4608
23
419
5275
3203
9673
1029
968
7140
6686
9241
2142
6748
2280
3152
7249
763
1336
3601
8987
3183
6289
2174
9975
4325
6024
7372
9959
1009
9494
9206
6412
2188
8808
4692
1032
3420
8248
8716
5363
5742
7843
5270
2377
6166
7090
3552
3971
959
1169
1087
366
9059
741
3352
5390
7471
4232
9887
2064
6129
971
5100
9837
5527
6818
2068
224
3777
3762
9878
3615
3089
2446
3276
2762
6370
7144
518
9949
6110
7626
9197
9544
9415
8433
2857
3966
5484
7073
684
317
992
730
6063
3125
7900
4526
8297
6793
375
302
4979
6062
7368
1379
4436
6983
2092
9250
5816
8389
3859
3571
8822
3112
7235
3060
8620
7207
5726
5430
1297
8485
3773
7492
7505
6383
1052
6071
4593
8500
1909
4075
1750
9816
1697
980
3915
1033
8309
3857
426
8727
4874
2659
5980
9550
8900
3275
4399
3379
3190
3865
5034
5681
3323
3686
2845
1242
6641
5186
4298
1728
3049
4227
2141
7467
6468
3470
1555
3673
4204
117
5738
1421
4805
8025
4858
3584
45
5200
4183
1678
2769
3714
1464
8346
7070
9810
2634
3782
5253
2652
2624
2710
7576
6673
4741
3842
3904
8834
109
2719
7981
5790
2086
8939
5312
6873
2798
9158
3902
3977
1252
1790
8694
7802
844
1151
2469
8446
6348
8182
4359
4057
3614
3943
1536
7757
3650
1711
3097
74
2934
9303
4881
8980
4754
5563
9852
3272
7655
6676
4165
2430
9942
5238
3742
2673
347
6067
207
6082
4050
7213
7205
5177
3197
6757
3961
966
2120
5433
8280
1199
2645
2778
3399
4724
9185
8922
1732
1074
1628
2779
5212
5045
4400
9165
8112
8194
6259
22
2035
878
2201
1139
7903
4468
965
2579
324
8275
1592
4044
4494
7936
5442
1695
5138
9661
4827
2817
7878
5710
8156
3392
7380
5794
7246
5306
624
4971
6527
1930
3791
7472
2837
5881
1640
6866
7400
3013
9379
44
2681
7588
2146
6205
3906
3564
3138
6582
6967
3640
128
2643
1054
9085
4312
7309
5227
1935
8449
3432
1085
9135
337
355
2724
4387
3999
539
2895
5139
6649
1127
8710
5321
3266
9194
6462
5793
318
6212
9189
5279
9868
7997
4040
7912
4766
9780
7156
3224
400
5343
8627
3753
962
8451
3586
260
8609
4154
8867
7885
7268
9752
7091
7047
1449
7538
9361
5513
8150
9236
1260
7602
1532
4018
5760
7501
4747
7079
4378
6004
3768
5317
1383
3516
3885
1050
9140
2848
9500
191
5215
6190
5702
3809
3981
986
339
2287
8631
8109
7169
1760
6848
6058
7084
6881
8418
9064
306
4242
3633
5367
9033
8653
7904
5254
9279
686
1731
8183
6518
8179
2410
9356
5313
6165
5402
8753
500
6135
7384
1889
7546
7337
4172
5626
9018
9420
239
1654
2526
4336
4555
4641
5815
8137
9506
5783
9791
6146
9746
4857
4589
9464
6111
4999
4026
406
7433
1474
4966
4405
4041
4267
8730
796
7484
2633
7261
3523
7172
7836
1540
948
9373
4737
7813
8703
7988
2355
4086
3231
8090
2527
5184
8486
4752
9628
6064
5472
4990
8578
9058
1316
1911
2734
7729
5256
5707
9510
348
9906
8887
3718
470
6265
8217
5540
585
5579
2312
5913
3064
8616
8801
2821
672
9105
615
894
2875
3041
7944
9624
4633
2050
2398
2354
936
1978
5235
1706
866
9556
326
5957
1177
1200
493
29
7128
4969
7601
3653
1676
2022
9555
8951
4078
4599
6050
5025
9856
9253
6548
325
7660
8319
4796
9963
4484
8585
7806
3732
2373
4639
8533
6792
2524
4486
2828
6746
6419
5610
6130
2412
2472
6666
8677
4077
6485
3134
5896
6087
6750
907
5662
1738
1649
3691
255
214
5545
7869
2388
5802
8534
9200
3233
2209
5875
4186
7066
1385
481
9896
2736
4708
2482
3222
9535
2061
7532
575
2874
8023
2243
2195
9501
5465
8821
8547
5326
2207
79
1546
3245
8969
3137
3827
6186
7134
2021
3281
8359
7457
6651
7259
6173
4954
6272
6484
2255
1795
3917
8268
9824
825
4241
9472
2132
1162
314
2089
9184
2986
7625
8827
9411
7350
2206
8210
9976
5048
8166
8371
7926
5693
1400
5172
3760
1486
5429
692
1611
5507
7798
981
3347
9031
4249
7943
2956
9601
2129
6901
3839
3273
9690
8960
9276
2460
4657
6993
1575
6025
5898
5151
5643
262
8243
9322
3687
8519
6939
4001
6254
6245
4771
8419
4118
6240
9642
8642
113
5478
9288
7898
7096
1810
3316
6443
6911
6047
5982
1051
1255
6963
9061
8554
1796
9832
853
9339
4012
7367
3034
3490
8471
6454
8155
1622
3528
6812
3816
2265
250
1554
9014
537
372
6716
6218
4411
6781
5140
9925
9314
5216
6336
6344
1893
1183
5415
3414
4217
2812
7684
7470
4941
322
4396
6690
8624
1295
1025
7455
1521
6802
5231
5446
1974
6430
6763
9096
6366
6871
8356
9148
2575
3117
2125
2949
4548
9077
3667
7925
243
5474
9304
5427
1053
478
1457
2382
7320
4571
1535
9574
6164
569
9782
3589
1626
6388
4022
8444
6771
5961
5863
4872
6447
7724
852
8299
7197
5515
3744
376
600
3781
8795
2464
2991
7359
8300
804
8458
2856
6565
5324
9911
9889
1723
6305
3612
8212
5746
2042
6688
657
9175
9366
2001
6665
3391
6208
7498
5505
4475
3301
7772
2139
3503
8076
4963
8973
5864
7360
19
4391
5892
1330
4434
5230
8047
1380
4575
7447
9461
3310
4303
1277
4993
63
9021
7856
8953
1762
8196
7674
7828
2157
96
396
335
2657
9895
2392
7919
1232
3998
7396
2677
505
7010
3606
2886
3474
8918
7403
9216
2788
5861
5407
1500
8120
6053
8972
8348
604
9818
3710
7541
3701
1311
915
1144
7441
5945
8277
1347
8019
6278
3259
5318
6631
9754
2310
9541
977
9610
2485
9792
9008
8365
7978
2691
7528
1562
790
5860
7274
700
5205
7675
7540
8530
1842
8311
9974
3166
2291
5414
6177
5419
4710
5291
9527
7432
8685
9496
8709
1671
8964
613
232
6924
8842
6293
7461
9941
3431
9164
2577
1205
6770
6395
4370
4824
7826
3704
8093
6675
6950
2676
5785
9860
912
5080
1471
5067
6387
6012
1597
6618
7841
1965
3218
1716
9568
5303
8001
903
8398
7444
2841
7025
1264
4748
6442
5821
9558
6377
7028
5388
8074
4992
7276
4785
2862
5096
4562
6927
513
3648
7125
295
756
3170
2225
5260
7852
3729
7135
7030
570
759
8008
6839
4713
9882
5401
3127
3285
61
5268
8145
4761
3600
640
6239
6409
8888
9607
6472
6497
1644
2451
7763
8082
529
1462
3018
5822
9843
4035
6997
1709
5219
4368
9149
7317
8902
3340
7995
674
3560
5135
7577
9432
5724
5552
5236
6940
5054
4190
7578
2732
4775
5400
7930
7358
4461
1243
206
2160
3453
1487
3536
1465
5206
6324
2199
5700
8837
114
1571
5039
3769
2066
4654
1370
7712
6029
194
9221
2205
4067
7643
6483
4795
8739
7330
5663
9660
9718
6833
9391
6821
5512
6552
3081
988
2481
1675
9122
7412
3390
4212
5653
3381
1647
8897
270
6390
8835
8952
5024
9315
3439
3888
5573
4822
9839
9386
7375
1023
3122
9658
5265
2304
9437
4964
2853
6264
381
2916
9821
7907
9475
98
6123
8859
7705
1020
3256
7760
6535
3836
3965
4324
4607
4393
3374
1929
8545
3554
6743
1253
7561
7732
7560
9619
7582
9719
4779
3309
4418
1446
4655
177
7245
5768
4433
4011
5637
5020
151
7571
1405
3293
4518
3095
6204
4635
8932
7174
760
9372
2988
2194
2679
3438
2345
584
9062
2948
4357
1677
4010
2920
7353
175
5929
1591
985
3121
4445
6476
2629
556
6778
4664
550
9606
3625
5460
2063
9613
2076
4392
1072
444
5877
8058
4313
6292
3838
9201
9417
961
3593
8855
2802
181
7821
5171
9897
5340
923
6286
2259
2984
2635
1517
1254
2975
7762
9869
8287
5319
2223
4706
6345
4561
8757
332
9414
391
5381
2638
9964
4597
8691
166
6052
9988
628
6300
9647
6384
230
4412
5361
3354
7020
2341
6736
5010
6566
6803
512
5741
5806
7837
9687
6501
6804
107
1024
1382
2155
4343
6306
9576
217
2721
9028
3355
1202
4991
2327
7023
3567
2781
5072
2200
5858
8083
6633
1696
8153
5672
4112
8802
8526
488
5852
1168
6721
9573
6568
491
2383
9999
129
3466
687
9805
1564
7573
7307
5480
9029
8828
3935
8599
2884
4122
3128
5645
6319
9453
7627
9128
6363
3569
7408
9663
4955
5582
4184
7033
515
2148
6023
3124
6097
3036
9961
4477
4246
2700
115
9088
6571
1396
9565
815
2113
6786
3540
5667
8638
9667
5962
4636
5290
7876
2529
5417
1694
4053
8282
1886
9301
9651
3208
66
2831
5249
1552
762
2110
7549
2938
4201
6973
4028
566
7342
9467
2660
645
1534
6832
7298
9827
3350
8103
9702
4480
5588
8329
9442
5755
4554
2686
9398
8404
7831
7466
5334
4544
91
8488
2844
649
6777
1645
765
2765
6113
3674
3798
9125
9734
133
4965
4912
1390
9820
6840
952
5118
6692
8930
4506
5017
8291
4302
559
4345
5752
783
2775
8666
7272
7884
8361
8686
498
4158
5201
5488
7784
4649
8708
4859
5336
8924
9733
7600
7437
3434
3708
7728
1584
827
1329
8030
7597
8856
4188
9345
1288
2266
6227
8320
2658
1761
4898
6043
4799
8658
7955
5675
8
8400
9036
9485
9401
4258
452
5938
14
9070
9152
2488
940
8772
5376
9239
1957
1621
1407
5965
8464
5704
2611
1133
3695
8555
3318
822
9567
5569
9
1221
6316
4980
5857
8572
7924
3587
5880
3110
6391
8523
9700
472
1522
4598
6909
2075
6281
2649
8105
3200
9730
5297
2523
9598
2465
7554
9788
9571
7034
9092
9712
8239
7901
380
2784
4471
5784
3711
1559
5116
6952
9840
4350
5600
2051
6504
4672
5526
4039
9333
4130
8861
6439
7487
7366
2309
619
536
982
4750
4989
7716
5758
1374
2836
4301
8322
3928
2289
6934
3758
8201
4953
3696
6090
5596
9633
2396
4385
6414
4340
9953
4891
6669
5658
1508
7917
583
2971
3626
5001
7982
4240
5697
404
6400
3201
2342
7591
9491
8983
9334
2183
9102
7071
6257
2246
2901
6619
5960
3499
2922
6808
998
2640
3676
5565
8178
1308
7810
1259
2892
5874
3051
5258
3243
482
4493
6142
105
5688
7847
4734
2542
7662
589
3921
3014
1186
1217
3973
7390
9043
1182
9795
6429
1693
6488
4463
4230
4871
1222
802
4681
7848
1271
768
9808
100
6626
8333
6381
9466
16
4923
8552
8495
3563
6606
4153
2391
1282
6837
4305
3220
3887
2816
896
8848
2033
1283
6406
6107
6998
6446
7609
797
1800
5170
7061
9390
3244
1403
1781
3461
3837
1427
5797
1226
2019
6513
9892
2254
7316
4732
779
935
8698
4291
4870
1561
1235
6854
4958
9115
4835
178
7931
1102
4152
7003
5220
3257
283
8138
6930
6127
2742
6106
5950
1081
7790
6553
412
2683
1752
8099
7452
4141
9435
627
3890
1882
6495
960
8783
287
365
2794
2393
8629
6364
1837
3832
9238
9772
8682
6312
1742
5111
9277
5360
4328
8564
8376
9735
808
7479
8786
9621
6162
1136
8301
130
2171
2290
2244
5485
8824
754
2267
8254
5718
8521
4448
5049
1301
9048
6469
1157
4025
8114
5869
7237
2598
7179
6054
5245
438
1170
9291
5923
8027
4728
9969
1197
1248
7108
978
5574
3030
7902
621
2052
52
5399
168
5110
5323
6766
3869
2557
6856
2764
2149
737
1342
969
2466
9090
8007
5368
4951
1775
392
9106
2913
2889
2387
2251
7113
6971
2221
8252
5302
5866
2751
6057
6572
131
7110
5833
6943
9864
7129
3556
1459
3436
4745
2596
5046
9703
9182
7295
5459
7052
8180
2302
6903
1251
3142
813
4223
6617
4974
3054
660
2572
2585
4142
3813
6136
3694
8085
3472
2008
5773
6794
5598
7058
5490
1968
9537
733
8350
165
7587
3954
2218
2780
1125
1298
7185
6876
1363
1851
8536
4757
7211
1372
7248
8881
6627
1646
7277
6912
9145
579
9473
4540
2193
7610
5071
3212
8989
8467
5491
3440
6309
677
9779
2747
3535
9324
3217
2712
466
9846
1061
8569
4590
4662
1863
3818
3731
1244
3947
2072
8764
2763
8991
343
280
6338
8892
5691
6816
9701
2376
147
3657
8602
4414
9180
6288
1727
9316
6699
3020
719
5723
7808
5053
3055
6500
6823
4551
8762
2601
4259
2247
9858
2644
9547
3771
9662
2808
3299
2534
7522
5974
5729
2929
9938
4831
835
5036
9110
3853
2851
2909
2152
4497
1703
3269
6181
1002
8596
7244
9349
6718
2566
7533
5753
5796
2457
5770
3043
2056
8234
1293
9526
4322
8315
2906
7666
7849
4520
6295
2093
8317
292
5022
2295
411
4793
2407
4937
1073
1348
9515
4572
983
3627
2440
8443
155
2422
3331
2551
5466
2957
4690
9790
4780
1229
7481
6008
7180
4203
2728
9450
8561
5902
8276
4374
8185
6917
6874
6158
1623
330
5987
2864
3507
2695
4698
5936
805
4276
2389
261
8463
6697
7422
9217
1502
7087
9916
4908
2390
6223
9208
9402
3267
266
5989
7945
6914
2797
4770
5994
1807
5668
8142
1766
2600
2583
6375
693
1793
9807
8878
4016
3115
7800
7303
702
4406
4982
6213
4066
6713
4079
5027
3484
3880
3241
4762
9513
3539
4029
5057
1967
1519
5122
9709
1875
6076
8101
6644
4900
1083
5031
1585
8379
7842
187
4880
4950
3131
3464
6078
3957
3119
5455
6703
5584
2646
1145
7373
8565
6956
313
1437
4281
3199
2701
8911
7815
9225
6564
5282
4457
2830
1028
6696
3789
7168
3063
7164
3893
5255
4640
5154
916
7062
8898
60
6408
7469
9329
8332
9151
6782
5764
8669
9223
120
446
7779
2364
405
8303
1211
7857
521
6038
5830
8622
2605
7801
838
5394
205
8441
8891
2397
770
9213
1058
9294
2350
5203
5578
821
6276
1602
1864
2709
4931
744
5088
9023
2380
9705
2044
7398
6109
7454
721
4563
2184
6774
1947
4709
9699
3368
9405
2947
5803
8152
7604
7787
4428
8923
7536
3549
6220
2424
7097
2992
6725
7291
1970
9918
8598
8858
6356
2854
5995
4537
8130
630
6667
2039
2528
3091
5085
4030
2614
3171
68
6985
457
8129
6573
8978
3931
7770
2936
5553
1595
5125
4970
7253
4726
6332
8028
2107
18
8862
407
8415
5585
1707
2438
8228
724
5548
7720
6407
8532
1094
1610
5457
8876
2335
6185
4673
1008
1422
3494
4239
5108
8814
836
2752
6655
7314
6036
7783
9659
9227
8358
1067
1039
5223
8574
2858
4700
4163
9926
1484
9143
3483
7799
9783
9007
5787
1788
5229
5501
523
2417
4
5774
1653
301
8296
7730
1071
749
620
9522
5717
1962
246
4753
7883
7579
7436
1609
6583
5173
1415
116
4659
4417
8327
5575
3405
4722
6851
3996
4749
8841
3447
8367
6918
3454
3357
1759
3167
4755
6603
4623
7038
6172
9504
9169
5709
1089
3930
9362
8516
9669
9113
7530
2381
6739
6091
2737
3670
6976
8307
8612
1256
8667
5115
2476
6039
3393
4694
9802
4104
2111
3770
229
973
5338
9713
4768
9446
2655
7886
9797
1954
789
9224
8726
6994
3800
6100
5997
4126
3383
9919
6040
4222
1444
7100
5799
4449
2240
3620
7112
6490
6320
7515
9218
1906
4890
957
8628
3882
2032
5278
8200
1068
942
9451
7631
9482
1748
9199
7537
5544
3396
634
410
4723
2664
2933
2932
7838
2554
3873
5972
856
5084
3755
4746
8798
8567
5922
5185
6519
8963
6403
3263
2138
4103
4290
8399
1180
3794
1516
4519
4194
4064
3546
4474
7544
7158
6668
4133
1606
9374
2582
1478
5772
4624
3135
3260
2870
4253
1376
2463
8125
9047
321
1915
8018
5597
3953
3623
5862
8177
3102
680
3510
473
6155
3076
4195
9873
2214
3458
5817
7759
3919
6353
8391
3907
599
1791
4113
3061
7473
4665
2356
9552
9518
4617
8990
2771
5664
8743
979
1572
3337
1014
2654
8767
2584
3959
1440
5064
6326
6589
6671
2479
4866
124
6805
89
946
4211
8711
2827
9131
4676
3545
2767
8938
1725
1699
8195
7308
8683
2568
6410
4421
5868
2708
1086
9020
4337
8744
9017
5353
7640
594
9444
4945
2439
2402
7123
453
479
6404
6850
6477
3712
7572
4003
4218
9459
4238
4660
7262
3451
4774
3011
9921
1267
7594
2198
6549
189
248
8818
3066
1655
7120
67
4074
8253
244
5906
1785
4048
2795
8558
2097
9678
5846
6650
6005
125
4459
7289
892
6148
3184
8431
3726
4887
8803
5834
3997
2038
2362
1809
4106
7718
7921
752
6707
3974
7891
3913
7229
4511
461
9229
2124
4193
5558
2533
2028
1774
3511
8051
8247
1450
3741
829
4776
2805
8749
3635
1037
8571
3678
8417
1934
1634
7585
1476
1485
3415
4060
2900
6168
2321
8647
445
6074
8107
5074
2641
2625
6977
7329
3699
7723
7975
6875
3905
9993
9888
4307
2815
4679
8475
8218
4341
8430
2999
2365
7243
80
2015
8055
9672
2665
9293
2102
7927
5141
2127
236
9589
3530
5638
5629
7187
5192
5627
3812
5218
2178
5314
1983
9370
8015
9777
622
2211
6962
8470
9686
3198
4902
167
2931
1489
5924
215
9443
2186
4901
2085
3214
3854
8487
2979
3087
3851
6970
8611
5497
6206
6233
285
8505
7392
735
1890
3822
8992
7227
9803
8384
5519
5826
7858
8191
8879
5237
5224
5188
8339
6260
6317
9956
9119
6459
7027
1914
5166
8318
3576
5441
5845
2434
4924
2316
3228
8427
2245
1755
4364
6957
1327
2126
5678
9592
1497
8591
20
213
6310
8396
3479
5814
3423
811
9284
2548
1991
3144
2682
8387
3380
5259
1495
4570
7993
8746
3824
1312
7512
5448
1895
195
8267
3326
4137
4171
4452
2501
6092
9448
3178
5477
3240
4927
5052
4297
7423
3165
7906
7992
5346
4789
6496
1710
8713
4534
5713
2883
867
1735
7122
5329
4441
8336
970
4814
8070
3826
8535
1737
9636
4496
3690
3680
468
7747
931
5408
1324
9359
7386
8261
4159
4817
1176
4699
555
814
382
93
9418
6948
7209
2162
9393
8363
6417
9385
5243
9313
1904
1451
2750
2433
8302
6506
4149
3489
8715
629
2720
5112
2487
7890
4647
4289
3114
1018
5533
3303
7445
4595
388
1038
5202
5264
9928
8577
6691
508
3251
5532
9235
6887
5731
8652
3610
3669
9107
54
7636
7521
8021
1167
2680
717
4419
3583
2134
1919
462
8544
4472
7163
4669
8208
463
704
6999
6323
8868
1808
4331
987
3280
3204
8034
541
7310
1353
7794
6515
37
8600
6600
4334
3575
9318
3765
6784
899
1175
8259
7338
1378
1122
7226
592
7654
9917
6731
6440
7294
2898
6846
4247
3046
2453
4781
1147
4960
3940
1017
9057
2869
1770
4521
8882
3929
1179
9343
6844
3899
4605
6244
993
1352
2810
1853
5369
1006
9749
8838
422
46
7870
9905
3952
3541
9644
3120
3911
8651
963
8372
722
5028
7504
8961
3785
5810
198
1717
171
8539
2964
1043
8942
3448
3960
2069
8661
9951
3920
2470
9922
1925
9054
9147
1917
3891
5530
2222
3116
6577
3384
8768
9447
5385
5411
284
7346
2952
6236
2910
6222
4380
3211
3022
4197
416
8988
6986
8340
8162
2547
8133
525
7617
201
3847
5418
7446
5006
863
1545
3177
6418
106
5576
3908
1792
8752
7703
9587
6203
8690
4842
3787
9761
1896
7416
8907
8982
6732
5935
9983
6112
723
7456
3944
8393
4466
6817
3803
5002
4725
4437
3430
5885
581
4062
1166
1718
7990
1314
7633
602
8678
7012
817
6680
8405
4600
2276
728
3864
9530
9292
8899
4627
7435
8840
1691
8769
5044
6796
3886
2484
5428
5222
3188
5647
6785
586
2749
6238
1163
4682
3057
4058
8171
4284
420
4376
3884
635
1411
3040
4008
5143
9081
4601
6988
1496
6249
6252
2108
2943
8634
9073
1607
8224
184
1148
4479
708
9177
2012
3191
5831
1225
3848
7650
3304
3566
3475
6339
9768
1825
5309
9727
9725
4091
9060
7991
9691
8787
6163
8065
3790
6368
8936
4151
7385
3325
1395
8501
7641
2959
6621
4221
1278
1230
7796
4192
4273
9639
5149
1912
1275
8656
8273
4530
1779
1688
4148
4294
8965
711
3397
4864
6373
8621
4356
7769
6394
492
1994
7371
352
5547
6026
6953
2300
690
9722
6197
4973
9477
2793
4731
6221
5042
884
9914
6374
7804
7548
3749
3734
2009
3683
2408
8663
9531
9716
5295
587
6199
5792
1447
4956
3311
646
5266
914
1477
5847
3361
11
1867
4191
4490
882
161
15
7031
2532
0
5836
1326
9331
1210
7203
6711
4558
7497
403
3553
568
6056
2303
9679
3369
3067
4517
5933
1754
3757
484
1891
2462
7193
8655
4791
9469
870
2020
8584
3084
7094
8223
6624
5325
5631
6299
6969
7744
1161
8849
8641
8758
8717
4573
9554
3278
6327
7357
2746
3006
2881
1743
4840
2882
4568
1062
2592
9744
3279
7131
8748
6251
2180
4661
3808
4059
1223
1776
9711
9881
9721
1518
9575
8461
795
2467
3672
2497
3776
712
1806
8151
9350
5689
1494
3348
4007
975
2726
3219
9517
1927
1276
7216
5777
9835
3889
4508
1830
340
2241
1126
7778
7647
678
7832
3819
1804
9813
1482
6954
437
4082
8570
6664
3662
7722
5450
4906
7768
1960
7630
3764
1747
1095
6570
220
17
1098
245
7354
7167
3578
4800
3993
2192
9992
560
5616
3689
3059
2161
9252
4349
2403
9724
8728
5745
1064
6660
8771
864
1541
303
5093
3637
8914
4160
5409
9743
3825
4424
5352
9089
8702
2840
7485
4942
1871
6826
7085
2445
6138
3845
6678
4046
9100
905
2885
5570
5813
3373
8426
6700
7166
1803
4110
8100
1340
1142
9570
1873
642
958
5066
3866
3559
2269
5431
9991
2891
7754
6250
3261
3151
5114
4087
9623
3984
7652
5665
7739
5083
4261
9228
898
7972
8411
441
8926
3991
7143
2080
5521
2053
5051
4801
9381
5242
6674
9594
6685
3577
8271
771
7007
4875
3140
4538
2311
2232
9747
9097
5331
3216
843
2616
5571
8390
2990
9323
9726
6870
9454
5529
1507
2119
6386
8344
1481
2461
7965
1141
3428
1928
695
9989
4903
4065
7725
5174
1972
6096
2974
6594
7646
6258
2236
288
8492
8124
209
5605
5556
4293
4450
1131
7953
9052
1624
1900
1627
274
8108
6915
5050
4981
8582
5209
9488
1608
5464
5382
5101
3665
4125
974
6424
379
6562
3186
7833
6044
1426
212
5221
9170
4920
1498
7976
8424
4469
4473
7170
251
8406
5273
6561
5047
3413
6195
5023
3788
8024
3367
77
9641
1045
7731
6767
7439
9424
8132
6542
3407
8193
9328
5322
2888
5332
4939
1350
6188
231
1670
5033
3504
4914
5436
3900
1307
8349
5065
5349
3094
2248
4967
2536
1328
6601
2494
2822
9898
6068
4390
373
6210
5951
4408
9268
5187
6910
8286
6595
6017
5590
3477
6441
7807
7190
421
9929
138
7555
8997
6032
880
1879
736
3332
5061
4476
8420
1961
8139
6502
1369
6255
3519
6916
2118
5384
4905
757
1044
5105
1107
142
1121
8115
2917
327
3916
7486
384
6487
5136
9395
9079
5038
3426
6428
1303
8928
8445
6706
3988
9123
7000
6567
3270
8258
5481
7161
1847
4243
1899
9404
4177
849
2839
6899
5805
2843
7236
6632
7595
8482
2144
520
5763
5733
8807
3314
9532
6125
8630
3597
2016
9935
8737
1845
4968
2103
6727
4453
2766
7177
4943
6529
6941
7344
3894
7518
7671
75
9757
610
1579
9455
9668
7173
7198
8689
2237
7755
2435
2954
1236
665
1339
2739
2298
4052
185
1714
2216
7934
6471
1986
7146
9936
7049
8374
6695
1866
1331
9389
6046
5528
3844
4101
4458
9010
2257
9162
7742
3496
4888
8510
7861
4498
8388
4224
8064
6640
58
8915
2790
8810
9251
3797
9851
617
8538
5734
1596
2313
3934
73
7683
6754
9557
8078
5644
5373
4248
6942
2013
2965
4828
8956
3846
5377
5679
7707
8695
7407
901
2159
6528
8490
5307
5347
8434
2599
4650
4929
4865
6670
6539
3849
4978
8206
743
4489
9539
4998
2672
5244
9862
149
430
1453
9009
3705
6354
5651
5315
5350
5743
2716
7888
5789
6896
4285
3182
172
9006
4236
5917
874
8198
8004
4465
667
6966
3658
8149
3215
7658
7402
2923
3858
6521
6588
616
7157
480
9893
7443
4398
4602
6710
9275
197
6984
1881
8284
3976
2574
4829
725
94
3799
2521
5943
1966
8593
7494
2352
2154
7956
5884
2181
409
7214
3987
4317
8910
8886
2602
9884
3083
5926
9109
4500
2369
1438
9847
2688
4379
3356
1812
1238
9646
2753
5670
4431
7098
2558
3365
3096
2694
6140
7489
3262
6815
601
6569
4666
5320
7220
8135
2535
9675
2705
5012
7393
6217
5692
5775
443
2478
8927
2340
5871
6311
2499
290
3738
8804
305
4909
1730
9038
2903
6396
3118
3795
5103
6169
7127
638
7405
8328
1129
1843
6530
1420
233
5263
6958
4671
9186
3594
990
4759
1354
732
4333
8583
9511
9609
514
2826
4582
451
1563
9583
6285
5593
8355
3005
1955
6389
9245
5327
9211
8423
8481
9283
2581
8723
8759
6308
127
9519
8143
1681
8385
5358
7188
7599
544
7449
2212
7345
8958
4949
9388
8106
3206
8465
1953
3098
7553
7629
6291
9664
6790
6279
799
3062
2783
4616
1108
7659
5632
2868
5163
9178
2674
7442
7889
1423
1905
2723
5676
8140
7300
9756
7102
1470
4401
5075
7677
1918
8894
1975
3591
4162
1443
6810
6522
8251
6751
9698
7011
7645
9183
2985
3994
3394
8172
5955
2531
4764
5289
2006
5887
9396
2525
2332
9625
7616
4729
1040
4938
902
4944
2436
4736
3877
238
4068
3246
331
1558
1049
8459
7336
9649
7795
7941
1158
8513
7051
34
1269
6438
6055
8832
6318
8314
9421
8916
8189
7706
6797
8060
8077
6889
1387
5976
925
4286
6795
2081
5056
1093
565
7663
7319
1203
9904
8747
9387
9717
5406
1149
5145
8489
3482
502
6489
6372
694
7823
2250
2873
3187
7708
8454
9132
7947
1362
7219
9071
504
9811
1460
6604
3493
9011
1971
2908
140
3139
2420
6884
1669
2919
3745
5900
5916
6904
3000
4115
8745
2187
9954
6000
202
2282
2887
6658
8542
5620
507
8805
1878
2871
3538
7948
5041
5271
338
862
1908
2106
9934
1504
1216
7557
820
3497
9133
5835
4553
5453
336
2325
7939
937
1832
5137
6806
718
3417
7369
909
2740
4427
2002
4588
6450
1021
7905
918
2431
6144
5380
9445
7208
5554
8483
4841
3048
3945
4404
1261
357
4863
9738
1104
8707
994
9479
3784
1092
6397
4611
1817
1138
3664
623
2647
9153
9274
5870
6772
3735
304
6277
9399
7069
9732
9845
6357
4210
8395
517
1772
9776
8890
9854
3607
7424
6554
21
6759
7411
919
1523
3964
6020
9915
6301
8170
7050
455
1757
5073
7632
8562
3871
8211
9831
9179
6139
4277
9591
2023
7517
6150
7830
8062
6586
36
2890
9408
8072
947
3743
1903
7709
2702
4584
9874
7230
1544
2065
9612
4139
1439
4375
5445
564
9298
9237
6342
4000
2755
6558
7916
3004
8468
6836
9870
8904
5043
9425
9683
9355
5063
3582
9156
4539
9801
5461
5721
5756
5081
1445
428
2937
5779
2893
95
5301
7126
9410
3963
59
6143
9618
4837
3722
9433
8854
1365
6623
5506
7192
7251
4839
4338
6614
1715
5117
5348
9943
1386
1865
102
4792
5011
1069
4663
5652
2249
6059
1687
9525
440
1165
5788
5371
5473
4036
6124
6028
8657
9434
705
2498
4907
3345
1601
9819
1055
7958
9933
7072
8674
7809
8738
9536
2760
5549
4348
7668
7651
5055
6860
9944
126
4784
2543
5534
9049
7628
9693
4430
6659
734
241
7232
1877
1505
2754
1880
5701
8589
9766
2731
2590
4717
605
2604
2970
5782
83
746
5094
9861
3992
427
3643
3505
4456
3526
4009
1933
3537
7305
4426
2667
5516
4176
8270
3613
9344
9093
1065
950
8541
1249
4017
7086
5226
7846
6268
5397
8283
4196
6705
6653
5004
2229
6842
5518
4917
3401
7415
4773
5883
9427
6708
8063
6920
6033
3956
5391
8626
8756
676
3901
1490
2905
3951
3656
3659
578
2743
1436
413
7399
1827
4787
1892
6328
4061
3754
4234
7306
9430
7201
6405
9533
8540
6723
6764
3512
1846
9042
2653
1454
1769
8131
7176
9176
3629
5026
1458
3452
4763
4181
2622
4704
7421
4260
4491
7940
6714
6864
4415
6275
6919
2031
9348
6888
9876
8225
2823
3624
1739
3457
7136
4535
6799
4637
146
2814
4174
8664
9254
2177
2070
1448
6437
1171
9759
6241
5878
5007
9955
264
1321
3958
5696
673
868
6229
4173
3702
5379
2084
9440
1529
5967
8576
2286
8045
4187
6194
4397
6531
1099
6420
2189
9508
1047
2320
9947
9320
4808
47
5341
3829
4693
1309
6780
5374
2987
351
3031
1299
8836
4961
1078
8104
8086
5127
4680
8256
8215
7751
8466
7191
913
86
7879
9137
8264
257
9392
9994
5928
8974
834
291
7284
9371
3274
2099
7669
5766
4372
4439
4384
5276
2273
8789
252
5649
8688
4852
8860
8705
4145
6022
1600
1936
5778
6401
1184
3389
2997
8044
654
636
8720
4819
7503
9104
6543
5447
9342
4610
8304
3666
2759
553
4265
591
7221
4885
3437
6167
659
2196
1834
1360
3442
2437
1105
3104
3282
540
6298
5614
3313
6246
7377
1046
5776
1076
2024
6371
4143
2100
4826
6093
3387
4315
5735
6456
6331
2834
69
8040
9154
6608
6117
8696
7913
6284
3195
1473
169
2504
9257
2718
7698
7564
8233
8559
9003
3939
8265
3362
5217
1789
9139
3513
4638
9542
7733
1667
4972
3238
2014
888
8619
9352
7672
2471
9299
3573
2361
4656
2539
1463
7302
8553
3547
8673
5888
5102
9617
9068
8944
7994
1838
681
6611
2796
5919
8032
9714
9569
3250
6526
7379
7477
1901
3343
2025
9289
2368
1858
6455
6273
1159
1719
3761
9470
1344
8507
8386
70
7761
3113
3082
8474
3007
7210
2859
3252
2663
2495
9160
150
4382
3598
4266
1027
8497
4423
7583
3727
271
9877
5014
8392
773
8022
4269
554
2145
2473
1469
5304
8437
4933
9080
1550
3604
2337
9129
192
3814
333
1268
883
7474
2027
4319
6741
2878
235
6080
9548
163
4620
6200
5682
7701
4816
6216
1194
8029
3012
4962
6959
1106
510
784
9559
1603
2406
3985
3941
294
8986
5233
5416
4545
57
4045
1219
6102
6335
9460
1279
6421
4020
608
6116
5737
286
377
4367
3443
7908
5622
6972
7774
5964
8053
4438
8469
6625
7702
598
2570
5711
7952
3090
3307
7516
9305
5827
9369
8272
6479
6049
4505
3975
9364
8353
2182
7685
9773
7786
3925
3681
2945
6083
9745
4144
8763
159
5129
5611
6187
496
7835
9653
2409
5520
5225
2606
1022
5841
9457
7175
1250
8121
7543
385
7727
5123
9769
846
6822
9144
4006
7018
7535
4027
9708
1503
9319
7325
573
7304
2939
6382
5968
3173
8056
9202
6270
8209
8877
1318
4802
5687
7137
4652
1543
7464
9412
8173
9603
7234
3277
5153
8334
1794
2115
476
7589
3400
9198
9763
3412
3933
4366
9767
9838
4651
8773
8909
4895
6355
7966
4323
3651
344
2699
3506
2518
1700
9971
1981
6431
6266
3444
5311
1247
9266
6171
7596
4803
6461
5277
7202
3867
7986
3232
7967
6343
689
5523
7159
4288
7749
9689
8337
5000
8741
122
8751
4756
4271
180
7200
2872
6019
4311
6867
4957
1442
5948
3297
1551
3605
8607
557
9207
5893
6228
7171
2098
1281
9035
7255
5996
7500
4615
200
2761
9438
9973
3508
6538
148
2054
3157
775
3109
8948
6861
8893
1265
4557
8378
8777
1568
9595
4084
9449
5808
8236
3284
3509
7482
7115
509
7575
3189
577
886
3358
393
5462
9243
3739
9826
582
5248
7963
1959
7510
1729
5342
2556
2358
3841
104
8732
7859
9357
1734
7299
8366
9785
1840
2334
6242
1625
5267
2588
1391
785
1291
6030
7507
5032
6824
8257
9829
1406
8506
5849
8232
8165
7805
9271
9375
7279
7217
7704
5956
5165
2447
2166
4818
3408
6830
2591
3221
1801
7410
8659
6444
9977
9025
7827
1802
6247
1246
7580
8397
2963
4811
5642
1172
1215
727
9923
9640
3029
7568
4687
3175
4849
5030
4131
320
3194
7352
7812
8357
5132
272
588
2516
7196
5508
8675
2175
2818
7382
2272
1241
858
8020
8401
8331
8289
4202
8088
1036
9980
6593
9957
2824
6219
954
9901
3775
4371
1868
1593
4377
6602
2315
4846
4983
8504
5562
887
7590
6131
6085
6463
4429
1263
6492
8793
2506
1736
435
1598
7550
5970
3843
6894
2545
798
1701
3748
8852
6385
6214
7425
8250
7478
7974
976
8809
3746
1181
33
740
2262
4529
8776
1491
761
3111
9295
8829
1143
1357
8556
6698
8799
8781
6341
1874
9564
2730
2277
5635
5823
5546
2230
9103
8080
8901
9406
8509
9338
6944
4904
1859
6734
4689
497
3268
9240
9546
2689
9694
424
6737
7186
5804
685
854
3817
1310
7715
9945
394
8279
1493
3622
3321
6536
5021
7523
3862
8352
6622
7004
6787
7154
5897
2757
5404
7064
5680
9596
2261
7854
4911
8351
1351
755
5119
3172
7032
6947
9562
2322
4226
8073
6545
134
5661
2637
3019
6550
350
1287
8654
3235
1652
3599
8833
1570
1740
9968
87
8249
5299
1722
1056
9118
3162
5669
4314
9174
4542
3229
3153
6098
5069
769
6609
910
9094
4135
7877
4625
526
7999
6095
8662
9560
9787
7933
8850
4861
9809
3480
5169
9498
1885
3561
2374
4251
1003
8587
9413
2668
1191
6807
8618
989
9016
1016
6174
5148
2899
668
7915
9074
4807
6350
7984
9426
1569
6021
5316
8084
2944
6433
4894
7816
2560
4089
6179
661
4097
5410
9728
6592
9258
6176
6525
5765
6413
3937
227
6376
3074
9841
8452
7868
8706
3982
6099
5502
8316
1682
7923
1119
6996
8895
4552
383
9830
2847
4275
4696
944
9032
2969
4556
5211
390
7348
3861
7834
6811
358
6452
7323
2687
8364
4844
9056
490
1160
2595
8144
9114
4804
4451
5150
2725
2344
2233
6027
6701
3897
5890
3805
3522
2711
8473
5986
7612
2003
8701
7286
3938
2443
4447
7013
8050
3717
2741
8075
1566
5820
5581
7897
4342
6399
4083
8870
3874
216
4675
5577
5357
8830
1284
9814
1349
8998
1940
398
7335
3792
5566
1948
2414
2172
218
571
1831
40
4140
5029
8370
6646
7776
7364
794
9793
7117
567
7767
3713
9087
5703
2079
5594
5572
6269
9492
8003
7056
9883
4591
2133
4642
1632
6933
9249
5819
6435
3502
5449
6379
7635
3429
7252
1944
772
4913
1334
4063
7928
3912
5019
8742
417
5587
8421
2520
7184
6248
2671
1721
9027
643
6813
5977
8160
9495
8508
1898
25
5003
6493
3875
7922
706
7789
6436
8729
7054
3525
2094
8588
2807
5876
4032
2112
7687
7592
5633
3027
4268
5795
8126
9899
9771
3918
8971
1356
2059
9422
7496
103
1432
7116
8292
3751
6480
7872
8755
9187
4099
869
1196
2401
3398
28
8718
926
9493
6922
533
4335
310
5086
9806
5503
2940
3543
5838
7493
5744
4409
8863
8323
1019
8148
8524
2163
1510
4631
4688
311
8520
1124
5978
7741
8671
5873
1452
7355
1862
2197
6234
8760
3909
1515
1938
9909
4836
4936
4254
5730
1273
8937
242
3850
6560
431
2594
3295
7349
7539
3403
5999
652
8684
720
8477
7567
7753
30
2263
8369
4102
9270
2615
2866
3778
4292
2697
7951
6898
6900
2114
2278
4701
32
5603
9597
1773
8231
4569
9798
199
5095
3333
3071
4742
1410
5179
4997
726
1404
3611
5910
9168
4228
8274
9545
5844
9990
450
2803
956
4845
5939
5198
806
3372
3700
9351
1605
259
1187
2967
1343
4697
2510
4996
3647
8381
1638
1245
9778
4510
1574
5666
1939
2876
2156
2037
5426
9431
2960
4386
5859
