10000
0
211
2
3
5257
5359
6
7
8
526
10
6622
12
13
14
15
41
6206
18
19
20
3484
22
23
24
7629
9338
27
28
29
30
31
32
2862
34
35
36
37
38
39
40
41
28
3013
5945
45
46
47
7133
49
50
1306
52
2356
54
55
56
57
8504
584
60
61
62
63
64
65
66
67
3897
69
70
71
72
73
74
75
6242
77
8497
79
80
81
533
83
84
85
2553
87
88
4482
90
91
8778
93
94
3043
96
97
98
99
100
101
102
8965
2099
8473
106
107
108
109
110
111
112
9996
114
115
116
117
6791
119
120
121
122
123
124
125
4528
127
3493
129
130
131
2199
133
134
135
136
137
4057
139
140
141
142
2304
144
145
146
147
148
149
6905
9048
152
153
154
7033
156
157
158
159
160
161
1883
163
164
7749
166
7103
168
1102
2839
171
7359
173
2759
175
176
177
178
179
180
181
182
6233
184
185
7677
187
188
189
190
191
192
193
6335
6658
196
369
200
199
200
201
202
1526
4066
205
6651
3598
208
209
210
211
212
213
214
8333
1154
217
218
918
5135
221
222
223
5469
225
226
227
228
229
230
7763
232
233
1982
235
236
7846
238
239
240
5450
242
243
5953
245
246
247
248
249
9659
251
252
4392
8594
255
256
257
9339
2879
260
2852
262
263
264
265
266
267
268
5321
270
271
272
273
274
275
276
4716
278
279
280
281
3995
283
284
285
286
287
3415
289
3747
4298
292
293
2503
1942
296
297
298
2275
8096
301
7759
303
304
2312
306
307
308
309
310
311
312
313
314
7787
102
317
318
319
320
321
322
2094
324
325
326
327
4301
329
330
8585
332
333
4545
335
336
337
9548
339
5823
341
342
3390
344
345
346
8116
443
349
350
351
352
353
354
7102
356
4914
358
359
1130
361
362
363
7092
3528
366
2811
1138
369
370
371
6843
373
2155
9902
9602
377
378
379
380
381
382
3458
8915
385
386
387
8054
389
390
391
392
393
1666
1150
3130
4500
398
399
400
401
1324
403
404
405
406
407
711
6836
410
4891
412
413
706
1321
416
417
418
6009
1577
421
2032
8640
4401
425
6197
427
428
5747
430
1027
432
433
434
435
436
437
438
439
440
441
442
443
6817
445
446
447
7178
263
450
451
452
4392
454
736
2648
457
6584
2196
460
461
9455
463
464
465
8767
7247
468
469
470
471
472
473
610
475
476
477
478
479
480
481
4412
483
484
2375
486
8182
488
489
490
387
492
4356
494
495
496
497
6053
499
500
1224
502
503
504
1129
506
1267
508
509
510
9628
512
513
514
515
9748
517
518
519
8575
521
522
7057
7893
525
526
3863
528
529
530
531
459
5401
534
535
1920
537
538
6892
540
541
5708
543
544
545
546
547
548
549
550
551
552
553
5976
8693
556
557
558
559
560
561
164
563
564
565
566
567
568
569
7319
7866
572
573
574
3431
576
577
5185
1680
580
581
582
583
584
585
586
587
588
589
590
591
592
593
3170
5190
596
597
74
308
2624
601
602
9525
604
605
1708
607
6792
204
610
611
356
2967
123
615
616
617
7375
7841
620
621
622
623
624
8665
626
627
628
629
630
7533
7312
7452
2632
9142
4528
637
638
5759
8449
4742
417
643
644
645
646
4062
648
6411
650
651
8817
1427
654
5832
656
657
2318
1340
660
9789
7206
663
664
665
6194
667
668
736
670
5889
672
673
674
675
6051
677
678
679
680
5208
682
683
684
685
7667
687
688
689
690
691
274
693
1010
695
696
697
698
699
700
701
6713
703
704
5584
706
707
2992
9936
710
711
712
713
714
715
2296
717
718
719
720
721
722
4166
724
725
726
727
3964
729
730
731
732
733
734
735
736
737
738
739
740
741
742
743
7297
745
746
5570
5175
4689
750
751
752
1017
754
755
1648
757
758
759
4245
761
762
1115
764
7099
766
767
768
769
770
771
9705
349
774
775
776
777
778
779
780
2234
782
9487
784
8631
8087
787
788
789
790
791
568
793
794
795
796
797
798
799
800
801
802
9418
804
3599
806
807
1135
809
9767
811
812
813
814
815
816
817
5983
599
820
821
822
9860
8072
825
826
827
828
1090
830
831
832
833
834
835
5242
6519
838
1934
840
841
3120
843
8990
845
846
847
848
849
850
851
9290
853
6337
570
856
5096
744
8044
860
861
862
863
864
865
866
714
868
869
870
871
7131
873
874
875
876
877
878
879
880
1393
2414
4809
884
8550
886
887
888
889
890
891
892
6738
9373
895
896
897
954
899
900
9647
902
6965
904
905
906
907
908
3562
910
7207
7678
3169
9113
3957
916
917
918
919
920
921
922
923
6594
9216
8854
927
928
929
930
8665
932
933
934
935
936
937
938
9140
940
941
942
943
1675
5550
1412
947
3289
5129
950
7124
952
2931
7243
8135
956
8162
958
959
2027
961
962
963
9309
965
7932
3323
968
969
970
971
972
1755
974
4686
7321
977
978
979
980
981
4762
5541
9437
985
986
987
988
989
990
991
992
993
994
995
996
997
998
2477
1000
1001
1592
4316
6733
5534
1006
7428
6410
1009
5157
1011
1012
1013
1014
1015
7548
1017
1018
1019
6806
890
9947
1023
616
5156
1026
1027
54
2871
4462
1031
1032
1033
1034
7305
1036
1037
7415
1039
1040
1041
1042
1043
1044
1045
1046
1047
1048
1049
1050
1051
1052
1053
1054
9282
1056
1057
1058
1059
1060
1061
1062
1063
1519
1613
1066
1067
1068
6432
1070
1071
1072
1073
8711
7079
1076
1077
1078
1079
1080
1343
1082
4882
1084
5060
1086
1087
1088
695
1090
1091
1092
1093
1094
1095
1096
6521
1098
1099
1100
1101
1102
1103
5720
1105
1106
9728
8298
1109
1110
4374
2642
1113
861
1115
8400
1117
1118
1119
2771
1121
1122
1123
1124
1125
1126
1127
9879
274
3088
1131
1132
1133
1134
2192
1136
3804
1138
1139
1140
1141
1142
9426
1144
1145
1146
1147
1148
7131
1150
7637
1152
1153
7998
2836
1156
1157
1158
5742
1160
5898
1162
673
1164
1165
1166
9151
8119
1169
1170
1171
6977
2617
1174
1175
1176
7517
1178
1179
1180
1181
1182
8290
1184
7529
9733
2985
1188
1189
1190
1191
1192
1193
1194
1195
1196
1197
1198
1199
1200
1201
1202
1203
1204
1205
1206
1207
1208
9175
1210
1211
1212
1213
1214
2256
2103
17
1218
1219
1220
1221
1222
2075
1604
2205
1226
1227
2007
1229
1230
1231
1232
1233
7001
1235
1236
1237
7759
1239
1240
1241
1242
1243
1244
1245
1246
1117
1248
1249
1250
1251
7845
1253
6204
6626
1256
1257
1258
1259
1260
7046
1262
4806
1264
6037
1674
1267
9169
1269
1270
1271
1272
1273
1274
1275
1276
4347
1278
1279
1280
1000
3295
1283
342
1778
5630
3889
1288
1289
1290
1099
7353
1293
1294
1295
1296
1297
5060
1299
1300
8617
1302
6671
1304
5083
1306
1307
1308
8800
5468
1311
1312
1313
145
1315
1316
1317
1318
1319
1320
1321
6527
1323
1324
1325
2881
1327
1328
5261
1330
1331
1332
1333
3583
1335
1336
1337
1338
5253
1340
1341
1342
5424
1344
1345
4327
1347
1348
5061
1350
1351
7346
4169
1354
2600
1356
1357
1358
1359
1360
5529
1362
5219
1364
1245
2819
1367
7146
1369
1370
526
8728
1373
402
1763
2556
2608
1378
1379
1380
523
1382
1383
1384
1385
1386
1387
1388
1389
1390
1391
248
9477
1394
1395
6560
1397
1398
6422
1400
1401
1402
1403
1404
1405
1406
4596
1408
3042
1410
1411
1412
3808
1414
9964
9124
1417
1418
1419
1420
1421
1422
7968
2341
1425
1426
1427
1428
862
1430
1431
1432
1433
9955
1435
1436
9
7731
9422
2119
6389
1442
1443
1444
1445
1446
1447
774
1449
1450
1451
9316
1453
1454
766
1456
6967
1458
6976
1460
3301
1462
1772
1464
4242
1466
1467
1468
1469
1470
1471
2534
1494
1474
1475
1476
1477
1478
1479
9051
1481
9829
1483
8339
1485
1486
2402
1488
1489
1490
5907
1492
1493
1494
9667
1496
1497
9981
1499
1500
5238
1502
1503
1504
1505
471
1507
5162
1509
1571
122
1512
6943
1514
1515
1516
1517
5819
1519
1520
1521
146
1523
5384
1525
6026
3422
1528
1990
1430
1531
1532
1533
2022
1535
6720
4459
217
1539
1540
6314
1542
1543
1541
1545
1546
7067
1548
1549
989
1551
8771
1553
6321
5885
1556
1557
1558
1559
1560
1561
4028
4924
1564
1565
1566
1567
7975
1140
1570
1571
1311
1573
1574
1575
7415
1577
1578
1579
1580
2283
1582
1583
1584
1585
1586
2402
1588
4443
1590
1672
1592
1593
1594
1595
1596
1597
8016
1599
6172
1601
648
1603
4463
1605
7475
1607
1608
1609
1610
1611
1612
1613
1614
1615
4850
1617
1618
1619
1620
1621
8758
1623
2017
1625
1626
1627
1628
1629
1630
7158
1632
1633
1634
5975
1636
1637
8959
1639
1640
1641
1642
1643
1644
2343
1646
1647
449
9470
1650
552
1652
1653
1654
1655
1656
1657
735
1659
1660
7160
1662
8646
1664
1665
1666
3730
1668
3215
1670
16
1672
1673
1674
1675
1676
1677
1678
5055
1680
1681
1682
1683
1684
1685
1686
1687
1688
1689
2359
1691
1692
2225
1694
1695
1696
1697
1698
1699
1700
1701
1702
9611
1704
1705
1706
8317
1708
4854
1710
1711
1712
944
1714
1715
1716
1717
1718
1719
3734
2162
1722
1723
8455
1725
1726
1727
1728
1729
1730
1731
1732
1873
1734
1735
645
4699
1738
3290
1740
5432
1742
1743
744
1745
1746
8459
8386
1749
1750
1751
1752
1753
3117
1755
1756
9564
1758
6430
1760
1761
1762
1763
1764
1765
1766
8174
1768
6311
6078
568
1772
3556
1774
1775
1776
7069
1778
1779
1780
1781
1782
1783
1784
1785
1786
1787
1788
1789
1790
1791
5898
1793
8561
1795
1796
1797
1798
1799
1800
2397
1614
1803
1804
1805
1806
701
1808
1809
1810
1811
1812
8369
1814
1815
6972
4642
1818
1819
1820
7026
1822
7782
1824
1825
1826
1827
6971
1829
1830
1831
1832
1787
1834
1938
1836
6685
1838
3657
1840
283
5410
1843
1844
8845
7967
1847
1848
9266
1680
5360
1852
7147
1854
5437
1856
1857
6756
2131
4739
1861
6501
1863
1864
253
2646
1867
1868
1869
943
5418
7443
1873
4773
5239
1876
3713
943
1879
1880
1881
1882
1883
1884
9239
2623
2212
1888
582
1890
1891
1892
1893
1894
1895
1896
1897
1898
1899
1900
4254
1902
1903
1904
1905
1906
1907
1908
1909
3701
1911
1912
7972
1914
1915
1916
1917
1918
519
1920
1921
1922
1923
1924
5500
1926
1927
1928
1929
1303
1931
4887
3145
1934
5169
1936
1937
1938
1939
1940
1941
1942
1943
1944
1945
1946
647
5693
1949
5690
1951
211
1953
5100
1955
1321
1957
1958
1959
2971
1961
4617
1963
1964
1965
1966
1967
1968
1969
1970
1971
1972
1973
1974
4574
1976
1977
1978
1979
1980
1981
1982
1983
1984
1985
1986
1987
4744
1989
5713
1991
5512
9045
1205
1995
2858
8102
1998
1999
2000
2001
5457
364
2004
7923
2006
2007
4456
1125
2010
2011
2012
2013
4933
2015
2491
1769
4137
4836
2020
2021
2022
2023
2024
2025
7999
2027
2028
2029
2030
2502
2032
8230
6816
2035
8102
6872
2038
8641
2040
1217
2042
2043
2044
2045
2100
2047
2048
2049
2050
2051
2052
2053
2054
4976
2056
2057
2058
6955
2060
9462
2062
7690
2064
2065
2066
2067
2068
2573
3813
4495
2072
2073
2074
2075
2076
2077
2078
2079
5641
606
2082
9343
2084
2085
2086
2087
9201
2089
2090
1088
2092
2093
2094
2095
2096
2097
2098
2099
4533
9976
2102
2103
4158
8363
8143
4374
2108
2109
2110
1859
2112
2113
2114
6489
2116
2117
148
2119
2120
2121
2122
2123
4913
8278
2817
1033
2128
2129
2130
2131
2132
2133
2134
2135
2136
2137
5193
2139
4371
2141
2142
7255
2144
2145
2146
3887
6682
9775
2150
7160
2152
5900
9488
6333
2156
2157
2158
1157
5072
1309
2162
2163
1576
2165
2166
2167
565
2169
6692
2171
2172
2173
2174
6105
2176
2177
2279
2179
2180
1871
2182
2183
2184
9691
2186
4608
2188
4420
6183
2191
2192
8030
2194
2195
2196
2197
4341
2199
2200
8342
2202
1259
2204
9641
2206
2207
2208
2209
2210
2211
2212
4713
391
2215
2216
2217
2218
2219
2220
2221
2222
9362
2224
2515
8174
2227
2228
2229
2230
2231
5167
9737
2234
9135
2236
2237
2238
2239
470
2241
3525
2243
2244
2245
2246
2247
2248
2249
6215
5703
2252
2253
8937
2255
5804
2257
2258
2259
2260
4838
2262
2263
2264
2380
2266
2267
7206
728
2270
2271
2272
7381
2274
1489
7273
2277
2278
2279
2280
5165
2282
2283
2284
2285
2286
9500
6461
6704
2290
2291
2292
9538
8150
2295
2296
2825
6370
2299
5486
2301
2302
2303
5939
2305
2676
2238
2308
2309
2310
2311
2312
2313
2314
8110
2316
2612
2318
2319
2320
2321
2322
2323
2324
2325
2326
2327
2328
2329
3230
2331
5906
2333
4435
2335
2336
2337
2338
2339
2340
2341
6014
2343
2344
2345
609
1155
2348
2349
2350
2351
2352
2353
2354
2355
2356
2357
2358
2359
2360
2361
4412
2363
4606
2944
3299
2367
6834
2636
2370
2371
2372
5106
2374
2375
2376
2377
2378
2379
2380
2381
2382
8556
2384
9320
2386
2387
7112
5904
8037
3597
1817
2393
1960
2395
2396
7840
2398
2399
7321
2401
6344
2403
2404
1460
2406
7595
2408
6674
2410
2411
6240
2413
8057
5641
2416
2417
9232
9957
2420
2421
2422
2423
3623
770
2426
2427
2428
2429
2430
2431
8539
2433
2434
8806
4815
6871
9584
2439
2440
2441
2442
2443
7159
3081
2446
2242
2448
2449
5141
8377
2452
2453
2454
7557
2456
611
2458
2459
2460
7523
7890
2463
2464
2465
6929
2467
2468
7070
2470
2471
2472
2473
2474
2475
2476
2477
2478
2479
2480
2481
2482
1743
2107
2485
9630
3446
2488
8336
3805
3215
927
2493
2494
2495
2496
2497
2498
7478
2500
9628
2502
2503
2504
2505
8608
2507
2508
2509
422
2511
5110
2513
2514
2515
5193
2517
1799
2519
2520
2521
2522
2523
5516
2525
1201
2527
2276
2529
5281
2531
2532
2533
2534
2535
7208
2537
2526
2952
3177
2541
9222
2543
2544
2545
2546
2547
2548
6439
2550
5068
8627
7036
5741
2555
2556
6342
6821
2559
2560
7640
2562
2563
2564
2565
9768
7939
1345
2569
2570
2571
2572
2573
2574
9568
4182
2577
2578
2579
5285
2581
506
2583
8146
2585
2586
2587
2588
2589
4590
2591
5935
7119
2594
2595
2596
3055
2598
2599
2600
1227
2602
2603
2604
2605
2606
2607
3024
2609
2610
2611
4546
6728
2614
2615
1423
2617
4772
2209
2620
4466
2622
4737
2624
2625
2626
8069
2628
2629
2630
1216
2632
2633
2634
2635
2636
2637
3585
2639
2640
2641
2642
2643
2644
2645
2646
1658
2648
2649
2650
2651
4829
2653
2654
4021
8023
2657
2658
2659
370
2661
2662
2663
2664
2665
2666
2667
2668
2669
2670
7410
2672
2673
4727
7106
2676
2677
2678
2679
4505
386
2682
2683
1314
2685
2686
2687
3878
2689
6730
2691
2692
2693
1616
2695
2696
2697
2698
2699
2700
2701
2702
2720
7415
2705
3510
2707
1176
2709
2710
2711
2712
2713
2714
8043
2180
2717
2718
2719
9173
6180
2722
2723
2724
2725
2726
2853
6299
2729
2730
7616
4258
2733
2734
3661
2736
1704
7885
2739
2740
2741
2742
2743
3594
2745
5925
2747
2748
2749
2750
2751
2752
2753
2754
2755
203
5319
2758
2759
2760
2761
2762
2763
7821
2765
2766
2767
2768
2769
2770
2771
623
2773
9989
2775
5687
2777
4873
2779
1429
2195
2782
7527
2784
2785
8718
6899
8568
2789
2790
2791
2792
2793
4799
6648
2796
2797
2798
4677
9493
1342
7397
2803
2804
2805
2806
2807
2808
8317
2810
2811
2812
2813
2921
2815
9580
9786
2818
2819
2820
2821
2822
2823
2824
2825
2826
2827
4186
2829
5462
2283
8980
2833
2834
2835
2836
2837
2838
2839
225
2841
2842
1625
2844
2845
2846
2158
2848
2849
2850
2851
9485
2853
2854
2855
6122
2857
3075
6158
2860
2861
2862
6414
2864
1653
2866
7063
2868
2869
2870
2871
2872
3436
2874
9273
2876
2877
5018
2879
2880
3763
2882
2883
2884
2885
2462
7850
2888
2889
3043
2886
2892
2893
2894
7071
3714
2897
2898
8717
2900
2901
8298
9520
2904
2905
9394
2907
2908
7094
7625
2911
2912
2913
2914
2915
615
2029
2918
2919
2920
1343
2922
2923
654
2925
174
2927
9427
1754
2930
2931
3444
5553
2934
2935
2936
2937
2112
1953
2940
2941
2942
2943
2944
2945
2946
37
2948
6564
3938
2951
2952
2953
2954
3596
2956
2957
2070
2959
2960
2961
2962
2963
2964
9002
3414
2967
2797
2969
9186
2971
5750
2973
2974
2975
2976
2977
2978
9284
4208
2981
1260
2983
2984
2985
2986
3516
2988
2989
2990
2991
2992
5922
2994
8168
2996
2997
2750
2999
3000
3001
3002
3003
3004
3005
3006
3007
3008
3009
3010
3011
3012
3013
3014
3015
3016
3017
7143
3019
3020
5628
3022
3023
3024
3025
3026
3027
3642
3029
3030
3031
3845
4266
1728
3035
3036
3037
3038
965
3040
3041
4077
3043
3495
3045
7433
3047
3048
3049
5111
3051
3052
3053
3054
5367
3056
3057
3058
1392
5662
3061
3062
3827
3603
3065
3066
3067
6520
3069
3070
3071
3072
3073
9128
3075
3076
3077
9145
5664
3080
3081
3082
4567
3914
3085
3086
3087
3088
3089
5307
8804
3092
3093
3094
3095
4030
3097
812
3099
3100
3101
3102
3103
3104
3105
3106
3107
3108
991
3110
2723
3112
3113
3114
3115
3116
3117
2573
3119
3120
3121
3122
2666
3124
3125
8506
344
4377
3129
3130
3131
3132
3133
3595
3135
3136
3137
3138
3139
3140
3141
7587
3143
3144
3145
5803
4283
3148
3149
3150
3151
3152
3153
3154
0
3156
3157
3158
3159
3160
3161
3162
3163
3164
3165
365
3167
3168
8681
3388
3171
3172
3173
3174
4356
3176
3177
3178
147
3180
3181
3182
3183
1367
9953
3186
3187
3188
3189
3190
2613
2205
3193
3194
3195
3196
2648
7844
8259
3200
3201
797
3203
3204
3205
112
4262
3309
3209
3210
3531
3212
3213
3214
9260
3216
3217
3218
3219
3220
3221
3222
3223
3224
2252
7967
3227
3228
3229
3230
3231
3232
3233
3234
3235
3236
9614
3238
7581
8126
3241
3242
3243
3244
3245
3246
3247
6551
3249
3250
3251
3252
3253
3254
3255
3256
3257
8101
3259
3260
3261
3262
3263
872
3265
249
3267
1469
3269
3270
1918
3272
4822
9602
3275
3276
1422
3278
3279
2860
3281
3282
3283
3284
47
3286
3287
3005
3289
3290
7251
3292
2263
3294
3295
3296
3297
3298
3299
9575
3301
3302
43
3304
3305
3306
66
3308
113
4243
3311
24
3313
3314
2316
3316
3317
3318
3319
3320
3321
3322
3323
3324
3325
3326
9366
1669
3329
3330
503
3332
3333
3334
3335
3336
3337
3338
3339
3340
3341
3342
3343
6330
5008
3346
3347
3348
3349
3152
3351
3352
3353
3354
3355
3356
2537
3586
3359
3360
6460
3362
3272
3364
7359
4139
3367
5499
3369
3370
3371
3372
3373
3374
3375
3376
6059
3378
3329
3380
3381
3382
9068
3384
3385
3386
3387
5907
3389
3390
5865
3392
3393
5214
3395
5358
3397
7955
3399
3400
430
3402
3403
3404
3405
3406
3407
3408
3409
9197
3411
3412
3413
352
8835
3416
3417
3418
8397
186
3421
8142
2185
3788
3425
8562
5520
3428
3429
7439
8264
7468
3433
3434
3435
3946
2974
3438
3439
3440
3441
3442
3443
3444
3445
3446
3447
3448
3449
7053
3451
3452
3453
3454
902
3456
3457
3458
3459
3460
1623
3462
9834
8285
3465
3466
3467
3468
7053
3470
3471
3472
3473
3474
3475
3476
3477
3478
3479
3480
3481
995
9982
3484
3485
3486
3487
3488
3489
3490
3491
3492
3493
6942
3554
3496
1744
742
7960
5144
3501
181
3503
1176
3505
1950
3507
7051
3509
3510
3511
3512
3513
3514
3515
3516
3517
3518
4050
3520
3521
3522
4733
3524
3525
3526
3527
1271
4557
3530
3531
3532
3533
3534
5407
3536
3537
2216
3539
2924
3541
3980
8811
3544
3545
5487
3547
3548
8366
3550
3551
3552
7380
3554
3555
3556
8073
3558
3559
8702
637
7953
3563
3564
3565
3566
3567
3568
2448
3570
3571
3572
3573
3574
4136
3576
3577
1546
3579
3203
1702
3582
404
3584
3585
3586
3587
9485
3589
3590
3591
3592
3593
3594
8682
3596
3624
3598
3599
1858
3601
4938
3603
2442
420
673
3607
3608
3609
3610
3611
3612
3613
7941
2012
3616
7046
3618
3619
5133
3621
3622
3623
7878
3625
3626
3627
3628
3629
3630
3631
3632
9484
7334
2093
3636
3637
3638
1246
3640
3641
3642
3643
5314
3645
3646
3647
3648
3649
5848
3651
2924
3653
8972
3655
3656
3657
3658
3659
3660
3661
3662
5636
3664
3665
3666
3667
2921
3669
3670
3671
3672
4710
3674
3675
3344
9834
3678
5159
3680
3681
3682
3683
3684
9796
3686
5432
5744
3657
3690
3691
3232
3693
6153
3695
3696
3697
2543
6192
3700
1351
3702
3703
3704
3705
3706
3707
9533
3511
3710
3711
702
3713
3714
3715
3716
220
3718
3719
1039
3721
3722
3723
3724
123
3726
3727
3728
3729
3730
1547
1434
1216
3734
3735
3736
3737
3738
3739
6337
9520
3742
3743
3744
5866
3746
6615
3748
3749
7611
3751
3752
3753
3754
3755
3756
3757
3758
3759
2984
3059
3762
2360
3764
3765
3766
3767
3768
3769
3770
3771
3772
3773
3774
3775
3776
3777
3778
3779
3780
3781
3782
3783
3784
3812
3786
3787
3788
3789
3790
3791
3792
3793
9481
3795
3796
3797
1
3799
3800
8699
3802
3803
3138
3805
3806
3807
3808
924
3810
3811
3812
3813
3814
3815
3816
3817
3818
3819
3820
741
7506
3823
3824
7298
7269
3827
1375
3829
3830
3831
3832
3833
3834
3835
3836
3837
3838
3839
4657
3841
3842
3843
3844
3845
5193
3847
1999
4289
3850
1558
3852
3853
3854
1267
3856
3857
3858
1748
4138
3861
3862
3863
2391
3865
3195
4979
3868
3869
3870
3871
3872
3873
3874
3875
3876
9107
3878
6726
3880
3881
3882
3883
3884
3885
3886
813
3888
3889
3890
3891
3892
3893
3894
3843
3896
3897
3898
3817
3900
3901
2198
8899
3904
3905
3906
7725
3908
3909
6271
3911
3912
6815
3914
3915
3916
3917
3918
3919
619
5356
5338
3923
3924
3925
3926
3927
3113
3929
3930
3931
3932
3933
3934
3935
4397
9418
2685
8476
3940
3941
2036
3943
3944
3945
4379
2032
3948
3949
90
3951
3952
3953
3954
3955
4532
4774
3958
3959
3960
3961
3962
3963
2177
3965
3966
506
3968
3969
4966
3971
3972
2504
4193
3975
3976
3977
3978
3979
3980
3981
1625
9806
3984
3985
3986
3987
3988
3989
1479
7528
3992
291
3994
3995
3996
3997
3998
3999
4000
4001
4002
8348
8914
4005
4006
4007
4008
4009
4010
7859
4897
4013
2728
4015
4016
4017
4018
4019
4020
1686
4022
4023
4024
4025
9376
4027
5132
4029
4030
4031
4032
4033
4034
4035
4036
2387
571
4034
4040
8829
7722
4043
4044
9028
4046
4047
4048
6724
4050
8208
1819
1090
982
4055
3150
4057
4058
4059
4060
9215
4062
4063
4064
4065
4066
6233
4068
4069
4070
3486
4072
4073
4865
4075
4076
4077
1649
4079
4080
4081
7411
4083
4084
4085
4086
4087
4088
4089
8614
4091
4092
6225
4094
4095
4096
7790
715
6647
4100
4101
4397
2476
5909
4105
4106
4107
5207
4109
4110
4111
4112
4113
4114
4115
4116
4117
8015
4119
4120
4121
4122
4123
4124
4125
4126
1376
4128
4129
4130
7858
4132
4133
9018
4135
4136
4137
5205
6346
4140
4141
4142
5722
4144
4145
4146
4147
9045
4149
4150
4761
4152
4153
4154
4155
8705
4157
4158
5678
4160
4161
4162
4163
4164
4154
4166
4167
4168
8330
4170
4171
4106
4173
4174
4175
4176
4177
4178
8033
8887
4181
6131
5489
4184
4185
5938
8706
4188
4189
2056
7035
4192
4193
6655
4195
4196
1743
4198
4199
5010
4201
4202
9940
4204
4205
4206
6239
4208
4209
4210
4211
4212
4213
4214
4215
1033
8704
4218
9294
4220
4221
4222
7017
4224
4225
4226
4227
4228
4229
8605
4231
4232
4233
7295
4235
4236
4237
4238
4239
4240
4241
6244
4243
4244
4245
4246
4247
4248
4249
4250
4251
4252
5989
4254
4255
459
4647
8865
4259
4260
4261
4262
4263
3831
4265
4266
6182
6613
4269
4270
4271
4272
4273
3902
4275
6243
4277
4278
4279
8050
4281
6915
6909
8563
1683
4286
4287
4288
4289
4290
4291
4292
4293
4294
4295
4296
4297
4298
4299
509
9810
4302
4303
1645
6970
4778
4307
4308
4309
4310
4311
4312
1310
4314
4315
4316
4317
4318
4319
4320
1589
4322
4323
4324
4325
4326
4327
4328
535
4330
4331
4332
4333
4334
4335
4336
4337
4338
8476
4340
4341
8496
7973
4344
4345
4346
4347
4348
4349
4350
4351
4352
4353
4354
4355
7515
4357
4358
4359
4360
4361
4362
4363
4364
4365
4366
4367
4368
4369
4370
4371
4372
491
4374
3024
4376
4377
9111
4379
4380
4381
3359
822
4384
4385
581
4387
4388
4389
4390
4391
4392
4393
4394
4395
9127
4397
4398
4399
4400
4401
4402
4403
4404
8748
4406
4407
8607
4409
4410
4411
4412
4163
4414
389
8318
4417
4418
4419
155
4421
5310
6432
4424
5877
4426
977
4428
4429
1638
8997
4432
4433
4434
4435
9632
4437
4438
4439
6777
4441
4442
4443
4444
4445
4446
4447
4448
4449
4450
4451
4452
4453
1955
4455
4456
4457
4458
1518
4460
4461
4498
4463
4464
4465
5647
4467
6626
4469
4470
794
4472
4473
4474
4475
4476
2948
4478
9588
4480
4481
4482
4483
4484
8522
4486
1751
4488
4489
4490
4960
4492
4493
4494
4495
7953
8051
4498
4499
4500
4501
4502
4503
4504
9867
4254
4507
4508
4509
4510
4511
4512
7859
4514
4515
4516
4517
4518
4519
4520
4184
4522
8588
4524
4525
4526
4527
4528
4529
5064
4531
4532
4533
8332
4535
4536
1372
4538
4539
868
9793
9383
4543
4544
8149
4546
4547
4548
2642
4550
9894
4552
4553
4554
4555
1628
5248
4558
4559
4560
4561
6074
9620
4564
4565
4566
4567
4568
363
4570
4571
8011
4573
4574
4575
4576
4577
2389
1233
3568
4581
4582
4583
473
4585
4586
4587
451
4589
4590
4591
4592
3028
3405
4595
4596
4597
9356
4599
4600
4601
978
4603
4546
4605
6444
9186
4608
4609
4610
4611
4612
4613
4614
7250
4616
4617
4618
4619
6981
4621
6337
2070
4624
9401
4626
4627
4628
4629
4630
4631
4632
4633
4634
4635
4636
4637
4638
1354
4640
1194
4642
791
4644
9275
4646
4647
4648
4649
4650
4651
4652
4653
4654
4655
4656
7864
4658
4659
2779
4661
4662
4663
4664
4665
4666
4667
4668
4669
4670
4671
4672
4673
4674
2594
4676
4677
3972
3821
4680
5666
4682
4683
9028
4685
4686
8947
4688
98
4690
8794
3506
4693
4694
4695
4696
4697
6888
6768
8069
4701
4702
4703
8994
4705
4706
7630
8681
4709
4710
4711
6900
4713
4714
4715
4716
7389
4718
2326
4720
4721
4722
4723
9663
4725
4726
9038
4728
4729
6230
4731
4732
4733
4734
4735
2425
5355
2088
4739
9477
4741
4742
1059
3398
4745
9413
7634
4748
5841
9725
4751
9290
4753
9115
4755
4756
4757
4758
7929
3611
4761
4762
4763
1357
4765
4766
6114
4768
4769
4770
4907
4772
4773
4774
3588
7698
4777
4778
4779
4780
4781
4782
4783
2141
4785
4786
4787
4241
4789
4790
8408
3334
4793
6887
4795
4796
4797
4798
8987
8372
4801
1457
2551
4804
4805
4806
4807
7094
1333
4810
4811
4812
4813
4814
4815
4816
7068
4818
4819
4820
1930
4822
4450
4824
4825
4826
4827
7969
1467
4830
4831
4832
4833
4834
7518
4836
1111
4838
4839
4840
5983
7345
121
4844
8322
4846
4847
5496
4849
4850
4851
4852
6201
4854
4855
4856
7939
4858
7450
5501
4861
4862
4863
5368
4865
5489
4867
4868
4869
15
4871
6085
4873
6728
4875
5724
4877
4878
4879
9071
4881
4882
4883
6740
8685
4886
4887
4888
810
4890
4891
4892
4893
4894
4895
4896
4897
183
90
4900
4901
4902
9990
6150
4728
4906
4907
2540
4909
7861
4911
8671
2557
4914
4915
8820
8500
4918
4919
4283
4921
4922
4923
4924
3713
4926
4927
4928
4303
1612
8579
3695
4933
4934
4935
4936
4937
4938
2019
1117
4941
4942
4943
4944
4945
4946
4947
4948
4949
2357
4713
9776
4953
4954
2258
4956
4957
2420
4959
5619
4961
4962
4963
4964
4965
4966
4967
4968
4969
4970
4971
4972
4973
4974
4975
4976
4977
4978
1844
4980
4981
4982
4983
6602
4985
4986
4987
4988
499
4990
4991
7543
3692
4994
7780
9956
4997
6780
4384
970
5001
5002
1779
5989
5005
5006
5007
5008
5009
5010
5011
599
5013
5014
5015
5016
5017
5018
4751
5020
7068
5022
1452
444
5025
5026
2163
2303
5029
5030
5031
5032
5033
5034
7939
5036
5037
5038
5039
5040
5041
5042
4914
5044
1982
5046
5047
5048
5049
5050
5051
5052
5053
5054
9148
5056
5057
5058
2927
5060
5061
1848
5063
5064
5065
5066
5067
5068
5069
5070
6871
9125
5073
5074
7488
9455
5077
5968
5079
5080
2518
5082
5083
5084
5085
2685
5087
72
2679
8034
7068
3281
5093
3888
2056
5096
5097
5098
5099
5100
2824
5102
5103
5104
5105
5106
5107
5108
4424
5110
5111
5112
5113
4233
1925
5116
5117
5118
2922
5120
3940
5122
5123
7627
5125
5126
5127
5128
5129
5130
5131
5132
5133
5134
2906
5136
3493
5138
9245
8593
5141
8651
5009
5144
5145
1972
3883
6808
5149
5150
5151
6596
5153
4477
5155
5156
7129
3285
5159
5160
5161
5162
5163
5164
2097
5166
5167
5168
5169
5856
5171
9016
5059
4193
5175
5759
5177
232
5179
5180
5181
2031
5183
7209
5185
5186
5187
1583
5189
4473
5191
1247
5193
5194
1342
5196
5197
5198
5199
5200
5201
4464
6916
5204
5300
1726
5207
5208
5209
5210
5211
4590
5213
5214
9658
5216
5217
5218
5219
5220
5221
5222
8176
5224
5225
5226
5227
5228
6200
5230
5231
7320
1220
5234
5235
1309
7566
5238
3576
5240
5241
741
5243
5244
5245
4116
5247
7410
3912
5250
9505
5252
3177
5254
5255
5256
5257
5258
5259
5260
7930
5262
5263
9231
8450
6344
5267
460
2795
2552
4547
5272
382
5274
5275
5276
5619
5278
5279
3691
5281
5282
5283
5284
5285
5286
5287
5288
1536
5290
5291
5292
5293
5294
9002
5296
5297
5298
5299
5300
5301
3497
5303
5304
5305
5306
5307
5308
362
5310
5311
5312
5313
5314
5315
126
5317
8475
5319
5320
5321
5322
5323
1918
5325
5326
5327
5328
7542
5330
9911
5332
5333
7058
5335
6216
5337
5338
5339
5340
5341
5342
5343
787
5345
5346
3068
5348
5349
5350
8637
4782
5353
5354
5355
5356
5357
5358
5359
5360
5361
5362
5417
5364
5365
5366
5482
5368
5369
2883
5371
5372
2432
5374
5375
5376
5933
5378
5379
5380
8702
5382
5383
630
5385
4134
5387
5388
5389
2678
5391
5392
5393
2585
3964
5396
5406
9595
5399
5400
5401
5402
9533
5404
3215
5406
5407
5408
920
5410
5411
5412
5413
5414
5415
5416
2450
5418
5419
5420
5421
5422
5423
5424
5425
2474
9053
5428
5429
8737
5431
5522
4046
5434
5435
3029
5437
8060
5439
5440
5441
5442
5443
6297
5445
8129
1462
2237
5449
5450
5451
4626
5453
5454
1308
5456
5457
9861
4057
5460
5461
5462
5463
6523
5933
1447
5467
5468
5469
7904
4769
5472
5473
5474
5475
5476
5477
7
3271
5480
5481
5482
4224
5484
3303
5486
5487
5488
7524
6415
2989
2730
5493
5494
5495
5496
5497
5498
5499
5500
4705
5502
5503
3034
5505
3611
5507
5508
1328
5510
5511
3662
423
5514
5515
5516
5517
5518
5519
5520
5521
5522
5523
5524
2422
5526
5527
1571
5529
5530
5531
5532
5533
5534
5535
8748
2187
5538
5539
5540
4116
5542
5543
5544
5545
2201
5124
5548
5549
5550
5551
1214
2223
5554
5555
5556
5557
5558
5559
5560
8763
5562
7438
5564
7906
6145
3600
5568
5053
5570
6835
5572
5573
5574
3310
5135
5577
5578
5579
5580
6817
5582
5583
1565
6367
5586
5587
5588
5589
5590
5591
5592
5593
5594
5595
5596
4590
2071
5599
4791
5601
4611
5603
5604
17
5606
5607
5608
5609
5610
5611
5612
5613
5614
2657
5616
5617
9951
2281
9106
5621
5622
5623
5624
5625
5626
5627
5628
5629
5630
7110
8067
5633
8372
5635
5636
5637
857
5639
5640
5641
5642
5643
7117
5645
5646
5647
5648
5649
7600
5651
8341
3833
5791
5655
5656
6624
5658
5659
963
5661
5662
4281
5664
5665
2243
2024
5668
5669
5670
5671
5672
5673
5674
5675
6694
5677
2485
5679
5680
5681
6814
5683
5684
5685
5686
731
2202
5689
4445
5691
5392
5693
5694
314
5696
5697
4316
5699
5700
5701
2236
5703
5704
5705
5706
5707
5708
4240
5710
5711
5712
5713
5714
7642
5716
5717
5718
5719
5720
5113
5722
5723
5724
6787
5726
8409
7276
5729
5730
9820
9528
5733
5734
8076
5736
5737
5738
5739
85
5741
5742
5743
5744
5745
5746
5747
581
3093
5750
5751
5752
3705
8279
478
3938
5785
5758
5759
5760
5761
5762
5763
5764
5765
5766
5767
5768
2156
5770
5771
5772
979
802
5775
5776
5777
1273
5779
5780
5781
5782
1218
5784
5785
5786
5787
2571
5789
5790
5791
5792
5793
3587
5795
5796
5797
5798
5799
569
5801
5802
5803
5804
5805
6856
5807
5808
5809
5810
5811
1885
5813
5814
1139
5816
2570
5818
5819
5820
4357
5822
5823
5824
5825
5826
5827
5828
5829
5830
5831
5832
2475
5834
5835
5836
1764
5838
6596
5840
5841
5842
8829
5844
1339
5846
5847
5848
5849
5850
5851
5852
5853
5854
5855
3778
5857
6253
5859
5860
5861
5862
5863
5864
5865
1197
5867
5868
8918
5870
5871
9482
5873
5874
5875
5876
6856
5878
5879
5880
5881
5882
5883
2401
5121
5886
5887
5888
5889
7340
5891
5892
5893
2365
5895
5896
5897
5898
5899
2989
2517
5902
5903
5904
5905
4682
5907
5908
5909
7156
5911
5912
5913
5914
5915
5916
5917
5918
5919
5920
5921
5922
5923
6346
5925
5926
5927
5928
5929
5930
4341
5932
9024
5934
5935
8467
6201
5938
5939
1534
1763
8065
5943
5944
4151
5946
5947
5948
5949
8051
5951
5952
5953
1267
8152
5956
4259
5958
6813
5960
5961
4082
4733
5964
5965
6318
5967
2009
5969
7341
5971
5775
5973
5974
9634
5976
2218
5978
5979
7008
5981
1110
5983
5984
5985
5986
5987
5988
5989
5990
5991
5992
616
5994
5995
5996
5997
5998
1195
6000
9585
6002
6932
6004
6005
6006
2005
6813
4837
6010
5013
1625
8843
319
6015
6016
6017
1226
6019
6020
6021
6022
6023
6024
6025
6026
6027
6028
5682
3582
6031
6032
6033
6034
6035
6036
5740
6038
6039
6040
6041
6042
6043
6044
6701
132
6047
2383
9409
6050
6051
99
9208
6054
6055
8453
6057
6058
6059
9573
6061
6062
2941
8796
6065
6066
6067
6068
6882
6070
6071
9198
6073
6074
1081
6076
6077
8964
6079
8590
6081
6082
3893
6084
6085
6086
6087
6088
1407
563
6091
6092
6093
6094
4203
6096
6097
7338
6099
6100
6101
6102
6103
6104
6105
6106
4414
4103
6109
6110
6111
6112
6113
6114
3013
6116
4757
6118
6119
6120
5069
6122
8759
6124
514
6126
2756
6128
2966
335
6131
6357
6133
6134
6135
6136
6137
4422
6139
6140
8466
6142
3535
6144
6145
6146
2534
6148
6149
6150
7801
6152
6153
2352
6155
6156
5750
6158
3225
6160
6161
6162
6163
5517
6165
6166
6167
2934
6169
6170
6171
3237
6173
1507
6175
6176
6177
6178
6179
6180
6181
6182
6183
5799
6185
4133
6187
6188
6189
8283
6191
6192
6193
656
6195
4210
1298
1587
6199
6200
6201
6202
789
6204
6205
6206
6207
6208
6209
6210
6211
7175
6213
1811
6215
6216
6217
6218
2366
6220
6221
6222
3584
6224
6225
4717
6227
6228
6229
6509
5947
6232
6233
6234
8443
6236
6237
6238
6239
6240
7593
6242
6243
6244
6245
6246
6235
6248
6249
7044
5560
9369
6253
7873
6255
6256
5421
6258
9328
857
6261
6262
2640
8538
1390
6266
7626
6268
6269
8105
6271
6919
6273
6274
6275
3051
3713
6278
6279
4153
6281
9200
6283
6284
6285
6286
6287
6288
6289
6290
6291
6292
7249
6294
6295
6296
4004
6298
2599
5070
6301
6302
6303
6304
6305
6306
9109
6308
6309
5088
1338
6410
5329
6314
6315
6316
6317
6318
6319
6320
6321
6322
9220
6324
6325
6326
6932
8741
6329
6330
6331
6332
3805
6334
6335
6336
6337
6338
6878
6340
6341
6342
2549
3476
7797
6346
6347
6348
6349
6350
6351
8805
6353
6354
6355
6356
679
6358
6359
6360
6361
6362
6363
6364
6365
6366
6367
6368
8779
6370
6371
6372
6373
6374
6375
6376
6377
6775
6379
6466
6381
6382
3616
6384
6385
6386
9954
4624
6389
7118
6391
9490
6393
6394
6395
998
6397
6398
6399
8472
9952
6402
2594
6404
6405
594
6407
9366
6409
6410
6411
6412
7461
6414
6415
6416
6417
6418
6419
6420
6421
6422
6362
6424
9018
6426
6427
6428
6429
6430
3497
6917
6277
8404
6435
5768
6437
1046
6439
6440
6441
6442
6443
359
6445
6446
6447
6448
6449
6450
6451
6452
1869
1522
6455
6456
6457
6056
4380
6460
6461
6462
6463
7606
1702
6466
8124
6468
6469
6470
6471
6472
2535
6474
6475
6476
4677
6478
6479
5330
6972
6482
6483
6484
6485
9377
3208
6488
5897
6490
6491
6492
6493
6494
6495
6496
6497
4834
6499
6500
4460
6502
6503
6504
7053
6506
6507
6508
6509
6510
6511
6512
6513
5730
6515
6516
6517
6518
346
6520
6521
6522
6523
6524
4246
9421
7981
435
6529
2783
6531
6532
6533
7462
6535
6536
1043
2072
6539
6540
6541
6542
6543
881
6545
6546
3440
6548
8498
6550
6551
6552
6553
6554
6555
6556
6557
6558
6559
6560
6561
6562
6563
4494
6565
6566
6567
6568
4866
6570
6571
3972
6573
9120
6575
4954
6577
6578
7279
6070
6581
7629
2227
2986
6585
3679
6587
6588
6589
7814
7592
5501
6593
6594
6595
6596
6597
7857
6599
5136
6601
6755
6603
6604
6605
6606
6811
3484
6609
80
6611
7894
6613
6614
6615
6616
6617
6618
6619
6620
6621
3894
6623
6624
6625
2907
6627
6628
6629
4367
6631
6632
6633
9615
6635
7102
6637
6638
6639
6640
6641
6642
6643
6644
6645
8679
1722
6648
6649
7352
9241
6652
5202
6654
7975
6656
6657
6658
6659
6660
6661
6662
6663
6664
6665
6666
8779
6668
6669
6670
6671
6672
6673
9658
6675
6412
6677
6678
6679
6680
6681
6682
2247
3554
6685
6686
6687
5940
6689
6690
6691
6692
6693
6694
6695
6696
5395
6698
6699
268
6701
351
6703
6704
6705
6706
6707
4104
5154
6710
6711
6712
6713
6714
6715
6716
5408
6718
6719
6720
6721
6722
6723
7631
6725
6726
5962
6728
7613
6730
6731
4386
6733
5892
3832
5682
6737
6738
6739
6740
6741
6742
4723
6744
6745
2374
6747
6748
1735
3619
6830
3735
6753
6754
9202
6756
6757
6758
6759
2476
6761
5427
6763
6764
6765
3871
6767
6768
6769
288
6771
6772
6773
6774
6775
6776
6777
6778
6779
6780
6930
5452
8767
6784
6785
6786
6787
6788
6789
6790
6791
6792
6340
6794
7396
6796
187
6798
6799
6800
6801
6802
8955
6804
5885
6806
6807
6808
6809
6810
6811
6812
622
1558
6815
3117
6817
6818
6819
6820
6821
6822
6035
6346
9524
2569
6827
6828
9258
6830
6831
495
1089
6834
6835
6836
6837
3274
6839
6840
6841
3913
6843
6844
6845
6846
6847
6848
6849
1693
2437
6852
6853
6854
6855
6856
6857
2082
6859
6860
6861
4726
6863
6864
6865
6866
6867
6868
6869
6870
7415
6872
6873
6874
6875
8634
6877
6878
6879
6880
4007
6882
6682
6884
6885
3938
6887
6888
6889
6890
6891
6892
3935
6894
6112
1682
6897
6898
6899
6900
6901
6902
4214
1872
2091
6906
9915
1332
9976
6910
6911
5522
2743
669
6915
4777
6917
6918
2077
6920
6921
6922
6075
3481
6925
8422
4179
6928
6929
6930
4781
8135
1645
6934
6935
6936
6937
6938
6939
6940
6941
6942
6943
6944
6945
6946
6947
6948
6949
6950
6951
7551
594
6954
1332
6956
6957
6958
8897
6960
6961
6962
7300
6964
4786
6966
6967
6968
1265
6970
3877
6972
6973
6974
6975
6976
6977
6978
6979
229
6981
2877
3610
8313
6985
6986
3421
6988
6989
2074
4328
6992
6993
6994
6995
6996
6997
6998
6999
7000
7001
5424
7003
7004
7005
7006
7007
2864
7009
7835
7011
7012
383
7014
7015
7016
7017
7018
7019
8945
8694
7022
7023
7331
7025
7026
9389
7028
7029
7030
7031
7859
7033
7034
7035
4316
7037
7038
3173
7040
7041
4720
7043
7044
7045
9556
4081
7048
8325
7050
7051
7052
7053
7054
7055
5715
7057
7058
7059
425
7061
7062
3292
7519
9527
7066
7067
7068
7069
7070
7071
9781
7073
8481
1728
7076
7077
7078
4845
7080
8958
7082
9077
7084
7085
7086
7087
6683
7089
7090
7091
7092
210
7094
7095
7096
6906
7098
7099
7100
2105
7102
7103
8453
8612
7106
7689
7108
7109
7110
1047
7112
7113
7114
5433
7116
7117
7118
7119
6774
7121
7122
5061
7124
5585
7126
7127
7128
6472
7130
7131
505
6924
7134
18
7136
7137
7138
7139
7140
7141
6343
7143
7144
7145
7146
7147
7148
590
7150
8450
7152
1275
7055
7155
7156
7157
530
7159
7160
7161
4567
7796
7164
492
1642
7167
7168
7169
7170
7171
3565
7173
7174
9532
7176
7177
7178
7179
6121
7181
7182
7183
9566
7185
7186
7187
7188
2539
7190
7191
7192
7193
7194
1854
7196
5419
7198
7199
7200
7201
7202
7203
1766
7205
7206
2279
7208
7209
7210
7211
7212
8538
1563
7215
7216
7217
7218
7219
7220
7221
7222
5017
8069
7225
7226
7227
7228
7229
7230
7231
7232
7233
9242
7235
7236
4918
7238
7239
7240
1701
7242
7243
7244
7245
9043
3841
367
7249
7250
7251
7252
1174
7254
7255
7256
7438
7258
7259
7260
7261
7262
127
4014
7265
7266
7267
8834
7269
7199
7271
7272
8192
7274
7275
7276
7277
7278
9959
7280
7281
7282
7283
7284
6029
7286
2508
7288
689
7290
7291
7292
7293
7294
7295
7296
7472
7298
4534
7300
7301
7302
7303
4786
7305
2184
7307
7308
7309
7310
7311
7312
7313
7314
7315
7316
7317
7318
7319
8432
3812
7322
7323
3011
7325
1381
5336
7328
7329
8560
7331
7602
7333
7334
2540
7336
7337
7338
7339
2525
7341
7309
7343
7344
6311
7346
8349
7348
7349
3930
512
7352
698
7354
6578
2835
7357
7358
7359
1880
7361
7362
3163
7364
8033
3885
7367
7368
7369
8632
7371
7372
7373
1938
7375
6187
7377
7378
338
6705
9414
7382
7383
7384
7385
7386
7387
7388
7389
7390
7391
7392
7393
7394
4249
7396
5795
7398
1519
7400
7401
7402
8607
9170
7405
7406
7407
1203
7409
2693
7411
7412
4612
7414
229
5737
7417
7418
7419
2878
8145
7422
7168
3162
9273
9406
7427
7428
7429
7430
7431
917
7433
1882
7435
7436
9073
7438
7439
7440
7441
7442
7443
7444
7445
5555
7447
7448
4115
7450
7451
7452
7453
7454
7455
7456
7457
7458
8272
7010
5922
7462
7463
7464
3987
7985
7467
8403
7469
9638
6532
1752
7473
7474
7475
7476
1323
7478
6451
7480
7481
7482
8403
7484
7485
3703
7487
7488
7489
6677
7491
7492
7493
7494
7495
7496
7497
7498
7499
5061
7501
7502
7503
7504
7505
7506
7507
2650
5281
7510
7511
7512
7513
4618
7515
7516
7517
169
7519
7520
9515
7522
7523
3614
9345
7526
7527
7528
7529
7530
7531
7532
7533
3148
7535
7536
7537
8846
9559
9263
7541
7542
4240
7269
7545
7546
7547
9996
7549
5756
7551
7552
7553
6161
7555
5662
7557
7558
7559
7560
7561
7562
7563
7564
7565
475
7567
9487
7569
7570
7571
1951
3549
7574
7575
7576
7577
7659
7579
7580
7581
5877
7583
7584
7585
7586
985
7588
7589
7590
7591
7592
7593
2399
7240
2563
7597
7598
7599
7600
7601
7602
7603
4022
3438
7606
4726
4452
1732
7610
7611
7612
7613
1766
7615
4166
7617
7618
6987
7620
7621
6512
7623
7624
7625
7626
7627
7628
5590
7630
7631
9982
2748
7634
7635
5267
7637
7638
4369
7640
7641
7642
7643
7644
4769
7646
7394
3729
7649
7107
7651
2637
7653
8971
7655
7094
6047
7658
7659
7660
7661
7662
7663
7664
7665
9082
7667
7668
7669
1216
7671
7672
7673
7674
7870
7676
7677
7678
7679
7680
7681
7682
7683
7684
7685
7686
3301
7688
2862
6760
7691
7692
7693
7694
1227
8023
4137
7698
7699
7700
7701
7702
7703
7704
8942
7706
8157
8193
1059
7546
3619
7712
7713
7714
1572
7716
7717
1260
9014
7720
7721
7722
7723
7724
7725
4699
7050
7182
9109
7730
7731
7732
7733
7734
7735
7736
7737
7738
6254
7740
7741
7742
7743
7744
7745
7253
6507
7748
7907
7750
4957
161
6425
1987
7755
7756
7757
7758
7759
7760
7761
5417
7763
7764
7765
7766
342
7768
4213
7770
1814
4773
7773
7774
7775
7776
7777
7778
3816
4837
7781
7782
3812
7784
9229
7786
7787
7788
310
7790
3333
7792
7793
7794
998
7796
7797
7626
8538
7800
7801
3561
3355
7804
3519
5093
9299
7808
7809
7810
7811
5871
6742
4039
7815
7816
7817
7818
7819
3951
7821
7822
6476
7824
7825
7826
4718
6546
5155
7830
7831
7832
7833
7834
7835
7836
7837
7838
8465
7840
7841
7842
7843
1594
7845
7846
7847
7848
9954
7850
7851
7852
7853
332
7855
7856
7857
7858
7859
7860
7861
7862
7863
7864
7865
7866
7867
7580
7869
7870
7871
7872
7873
7874
4682
7876
6535
7878
7879
7880
7881
7882
7883
1861
7885
8709
7887
7888
7889
8713
7891
7892
7893
7894
2756
8026
7897
7898
7899
7900
2145
7902
7903
7904
7099
7906
7960
7908
7909
7910
7911
7912
7913
7914
6621
7916
7917
7918
7919
7920
7921
4661
5682
7924
7925
7926
7927
7928
7929
7930
7931
7932
7933
7934
7935
7936
7958
7938
7939
7940
7941
7942
7943
7944
9129
7946
7947
321
7949
2355
7951
7952
7953
1323
7955
7956
7957
7958
7959
7960
7961
6134
562
3669
1069
9140
7967
7968
7969
7970
7971
7972
7973
7974
6956
7976
7977
2888
8919
5726
7981
1924
7983
7984
8260
7986
7987
7988
7989
7960
7991
7992
7993
7994
4097
7996
7997
2184
8857
4646
8001
5349
8003
8004
8005
8006
2500
8008
5408
8010
8011
8012
8013
8014
8015
8016
8017
8018
8019
8020
8021
8022
8023
8024
8025
8026
8027
8028
8029
8030
8031
8032
8033
8034
8035
3545
8037
5305
8039
8040
8041
12
8043
8044
3212
8046
8047
8048
5134
9356
8051
8052
8053
7782
3968
8056
8057
8058
6268
8060
8061
8062
8063
8064
8065
8066
8067
5099
4091
8070
8071
8072
8073
8074
8075
8777
8077
8078
8079
8080
8081
3458
3416
8084
8085
8086
8087
8088
8089
8090
8091
8092
6042
8094
133
8096
6670
4865
8891
8100
2843
8102
8474
3280
8234
8106
8107
8108
8109
8110
1088
8112
8113
8114
1098
5340
8117
8118
8119
8120
8121
8122
8123
8124
8125
8126
8127
8128
3426
8130
8131
8134
8133
8134
3751
8136
2915
763
8139
8140
8141
8142
4834
8144
8145
8146
4162
8602
7116
8150
8151
8152
573
8154
8155
3807
8157
8377
8159
8160
1297
8162
8163
8164
8165
8166
8167
5159
1182
1878
8171
8994
8173
5889
9327
8176
8177
4604
6430
8180
8181
4939
8183
8184
8185
8186
8187
8188
8189
8190
8191
5734
8193
8194
7332
8196
8197
8198
8199
8200
5676
1417
8203
8204
9614
6677
1460
8835
8209
5208
8211
8212
8213
8214
8215
8216
8217
1278
8219
8220
8221
8222
8223
8224
8225
8226
8227
3695
8229
8230
8231
8232
8233
7452
3112
8236
8237
8238
8239
3397
6975
8242
8243
8244
2130
2083
8247
8248
6412
8250
8251
6396
8253
8254
8255
5846
5458
8258
8259
8260
2812
2903
8263
9144
6357
8266
8267
9302
8269
8270
358
8272
6817
1158
8275
8276
8277
8278
8279
8280
8281
1798
4519
2159
1032
6430
8287
3639
8289
8290
8291
8292
8293
8294
8295
8296
8297
8298
8299
2629
8301
8302
8303
1189
8305
4093
8307
8308
8309
8310
8311
8963
8313
8314
8315
8316
9243
8318
8319
8320
8321
8322
2102
8324
8325
8326
7556
8328
8329
8330
8331
8332
8333
8334
8335
8336
8337
8338
7264
8340
8341
3243
8343
8344
8345
8346
2905
8348
8349
8350
1528
8352
8353
8354
8355
8356
8357
8358
8359
8360
8361
8362
8363
8364
8365
754
770
8921
5139
7398
8371
3523
8373
8374
8375
8376
8377
8378
8379
3243
8023
8382
8383
1711
3053
8386
8387
8388
9811
8390
8391
8392
8393
838
1881
8396
8397
1798
8738
4250
8401
9412
8403
8404
8405
3818
8407
8408
8802
8410
8411
8412
8413
8414
2954
8416
8417
5129
4260
8420
8421
8422
8423
8424
8425
1387
8427
8428
8429
8430
8431
4307
8678
8434
568
8436
8437
8438
8439
8440
4777
2984
8443
8444
8445
8446
8447
8448
8449
8450
8451
2937
8453
8454
8455
8456
8142
8458
8459
8460
8461
8462
8463
8464
8465
5379
8467
8468
8469
6132
931
7974
8473
8474
9186
8476
9769
8478
8479
4940
8481
8482
4942
8484
8485
8486
8487
8488
5078
8490
8491
7016
8493
8494
8495
8263
8497
8498
8499
8500
4287
8502
8503
225
8505
7616
8507
8508
8509
2735
8511
8089
8513
1194
1840
8516
9787
8518
8519
8520
6356
3706
8523
1462
5135
6835
8527
8528
8529
8530
8531
8532
8533
719
8535
8536
611
2346
4261
8540
8541
8542
8543
2
8545
8546
8547
8548
6399
8550
8551
8552
8553
8554
7480
8556
8938
8558
5220
8560
3342
8562
8563
8564
8565
8566
8567
8568
8569
4937
8571
8572
5361
8574
8769
8576
5719
8578
8579
8580
4973
8582
8583
8584
8585
8586
8587
8588
8589
8590
8591
2642
8593
8594
8595
8596
7862
7523
8599
8600
8601
1384
8603
8604
8605
9108
8607
3179
8609
8610
7882
8612
4429
8614
8615
8616
8617
8618
4532
5433
8621
8622
1425
8624
8625
8626
8627
8628
8629
8630
8631
8632
8633
9674
9475
5681
8637
8638
8639
8640
8641
8642
2980
8644
8413
9416
8647
8648
8649
8650
8651
8652
6029
933
3632
8656
8657
8658
8659
8660
8661
8662
8663
8664
6799
8666
8667
8668
9861
8670
9277
8672
4125
3999
4385
8676
8677
8678
8679
9158
8681
8682
9934
8684
4972
3483
8687
8688
8689
4360
2448
8692
8693
2235
8695
2586
8697
8698
9726
8465
8701
8702
8703
8704
8705
8706
8707
8708
9284
8710
8711
8712
8713
8714
8715
8716
8717
5689
3461
3062
8721
8499
9903
6184
8725
587
8727
8728
5716
8730
8731
9272
8733
8734
8735
8736
8737
8738
8739
760
1469
8742
8743
8744
8362
8746
321
8748
8749
8750
8751
8752
8753
8754
8755
8756
8757
217
8759
8760
5246
4171
8763
1284
8765
8766
8767
8371
8769
8770
1644
8772
8773
8774
8775
5386
6542
8778
8779
8780
8781
8782
8783
8784
5659
8786
8787
8788
8789
5236
8791
8792
8793
8794
8795
8796
6820
8798
8799
8800
8801
8802
8803
8804
8805
8806
8807
1793
8809
8810
8811
2600
8813
8814
8815
8816
9884
8818
8819
1689
8821
8822
7820
8824
8825
8826
8827
8828
8829
8830
9497
8832
8833
8834
8835
4425
8837
8838
1802
1199
8841
8842
705
8844
1704
8846
8847
8848
112
7119
8770
8852
8267
5857
8855
8856
8857
8858
5617
8860
8861
8862
8863
8864
8865
8866
8867
5549
8869
8870
8871
8872
8873
8874
8875
8876
3416
9679
8879
8880
8881
8882
8883
8884
8885
8886
8887
8888
8889
8890
8891
8892
8893
8894
8895
8896
8897
1422
8899
8900
8901
8902
6445
3418
8903
8906
8907
8908
4437
8910
8911
6357
8913
9745
8915
9346
5386
8918
415
8920
2124
4533
4517
8924
8925
8926
9703
8928
7806
8930
8931
8932
8933
8934
8935
8936
4168
8938
8939
8940
4117
8942
8943
8944
8945
5359
8947
8948
8949
8950
8951
2511
8953
8954
395
8956
8957
8958
2516
8960
8961
8962
8963
8964
8965
8966
8967
8968
8969
8970
8971
8972
8973
8974
1132
4176
8977
8978
8979
8980
8981
8982
6092
8984
8985
7107
8987
8988
8989
9794
664
8992
8993
8994
9067
8996
8997
8998
8999
2757
6322
9002
9003
946
9005
9006
9007
5630
9009
9259
3973
9012
9013
9014
3510
9016
9017
9018
9019
9020
9021
1020
4313
9024
9025
9026
9027
4690
9029
8080
4587
9032
3846
9451
9035
9036
9037
9038
9039
9040
9041
9042
9043
4549
9045
9046
9047
9048
9049
1098
9051
9052
9053
9054
9055
9787
9057
5265
9059
9060
9061
9457
9063
9064
9065
9066
9067
9068
7049
9070
9071
9072
9073
308
5220
7002
9077
9078
9079
9080
9081
2743
9083
9084
5061
2629
9087
9088
9089
5308
6893
5311
9093
9094
7782
9096
9097
9098
4041
4290
9101
9102
9103
9742
2654
9106
9107
9191
7034
6167
9111
9112
9113
9114
6720
9116
9117
9118
9119
209
9121
3276
9123
9124
9125
9126
9127
1665
9129
9130
9131
9132
3090
9134
9135
9136
4148
2318
5390
8095
9141
9142
2806
7887
9145
9146
9147
9148
9149
9150
9151
5975
7896
1429
9155
9156
2948
9158
9159
7668
9161
4533
9163
689
9165
4190
9167
9168
9169
9170
1818
9172
9173
5215
9175
9176
1017
812
9179
9180
9181
9182
182
9184
9185
9186
8740
5306
9189
9190
9191
9192
1834
9194
9195
7481
9197
9198
9199
9200
4439
2886
9203
5400
9845
9206
5332
9208
424
9210
9211
9212
2536
444
7475
9216
9217
8716
9219
9220
9216
9222
9223
9224
2339
7174
9227
9228
3869
9230
9231
9232
7373
1424
2497
6983
1164
9238
9239
9240
8716
9242
9243
9244
9245
9246
9247
9248
7873
9250
9251
9252
9195
3661
9255
9256
9257
9258
9259
9260
9731
1667
1393
9264
9265
5196
9267
9268
9388
9270
9271
9272
520
9274
9275
9276
9277
9278
2701
9280
9281
9282
9283
9284
9285
9286
9287
9288
9289
4108
9291
9292
1629
9294
9295
585
9297
9298
1017
9300
9301
4104
9303
9304
3727
9306
9307
9308
9977
8552
9311
9312
294
9314
9598
9316
8721
9318
9319
9320
9501
9322
9323
7492
9325
9326
9327
9328
9329
9330
9331
9332
9333
7062
9335
9336
9337
3391
9339
9340
9341
9342
9343
9344
9345
9346
9347
9348
9349
9350
9351
9352
9353
9354
9355
9356
5591
3149
9359
9360
8050
5861
9363
5604
343
9366
9367
9368
9369
5248
9371
9372
3209
7563
7089
9376
9377
9378
9379
9380
9381
9530
9383
9384
9385
9386
9387
7037
7006
9390
9391
9392
9393
9394
9395
9396
4957
9398
2520
9400
9401
3501
5640
9404
9405
9406
9407
7080
9409
9410
1882
9197
9413
4155
8809
9416
9417
9418
9419
1500
630
7391
9423
5213
9425
9426
9427
9428
9429
9430
9431
4137
9433
9434
9348
9436
9437
9438
9439
9440
9441
2689
9443
542
9445
8615
9002
9448
9733
7826
6607
9452
9453
9454
9455
9456
9457
9458
9459
5307
9461
9462
9463
6412
9465
9466
9467
9468
9469
7645
9471
1484
9473
9474
9475
9476
9477
3121
1933
9480
9481
5215
9483
9484
5859
9486
9487
9488
9489
9490
9491
9492
9493
9494
9495
9496
6200
9498
9499
9500
9501
9502
6721
9504
9505
9506
9507
9508
2658
9510
3181
9512
9502
9514
9515
9516
9838
9518
3432
9520
9521
9522
7315
9524
9525
9526
9527
9528
9529
2695
9531
9532
9533
9534
9535
9536
9537
9538
9539
9540
9541
9542
5362
3853
9545
7135
9547
9548
9549
7124
3657
9552
9553
9554
6499
9556
9557
9558
9559
9560
2561
9790
9770
2360
9565
6213
9567
9568
5291
5791
9571
9572
5261
3005
6725
5839
9577
9578
7346
9072
9581
5730
9583
9584
9585
5496
9587
9588
9589
5322
2500
9592
8054
9594
1060
9596
9597
9199
9599
9600
5423
9602
9603
9604
9605
9606
9607
9608
375
9610
9611
9612
9613
9614
9615
9616
6301
1931
9619
9343
9621
9622
9623
9624
301
2952
9627
9628
9629
3814
5041
6927
3437
9634
9635
6708
9637
9638
9639
9640
9641
9642
9966
9644
6226
9646
9647
9648
9647
807
4208
4353
6095
9654
9533
4890
9657
9658
9659
9660
9661
4604
9663
922
9665
9666
9667
9668
9669
9670
9671
9672
9673
6331
9675
9676
9677
9678
9679
2420
3283
7650
9683
7984
9685
9686
9687
9688
9863
9690
3364
7583
9693
9694
7575
9696
9697
9698
9699
9700
9701
9702
2382
9704
9705
9706
9707
9708
9709
9710
9711
9712
8676
9714
9715
9716
3357
9718
9452
9720
9721
1739
9723
9724
3259
8005
9727
9728
9729
7737
9731
9732
9733
9734
9735
3616
9737
9738
6314
9740
9741
9742
9743
305
3447
9746
9747
9748
9749
8457
9751
150
826
9754
9755
5502
9757
7429
9759
9760
9761
9762
9763
6509
768
68
9767
8465
9769
9770
9964
9772
9773
9774
9775
9776
9777
9778
9779
9780
8802
9782
9783
9784
9785
9786
9787
9788
9789
9790
3634
9792
9793
9794
9795
9796
9797
5411
1351
9800
9801
9802
9803
1963
258
9806
9467
6791
9809
9810
4549
4559
398
5973
9815
9816
6368
9818
5421
9820
1366
9822
9823
9824
9825
9826
9827
9828
3809
9830
9831
2088
6522
6973
2898
9836
9837
9838
1962
2864
9841
5357
8741
9844
9845
437
9847
9848
8563
1568
9851
9852
9853
5822
9855
9856
9857
3598
9859
9860
9861
6595
9863
3970
9865
2711
9867
9868
9869
2941
9871
9872
9873
9874
9875
9876
9877
9878
9879
9240
9881
4648
9883
9884
9885
618
9887
9888
9889
840
9891
9892
6722
9894
6015
9896
9897
8947
9899
9900
9901
4427
9903
9904
8798
9906
9907
6550
9909
9910
9911
3147
9913
9914
9915
8927
9917
1935
9919
9920
9921
9922
9923
9924
9925
4704
4164
4587
5522
9930
2072
9932
9933
4953
9935
9936
9937
9938
630
8000
8733
9942
8040
9944
5335
9946
7057
9948
9949
9950
9951
9952
9953
9954
9233
8932
9957
9958
9959
9960
9961
9962
4145
9964
9965
9966
6212
9968
9969
2605
9971
9972
6661
9974
6846
1496
9977
730
9979
9980
2467
9982
9983
9984
9086
9986
9987
9988
9989
9990
9991
7030
9993
9994
5942
9996
9997
9998
9999
