10000
80
1326
1546
1950
550
609
1124
1473
96
1969
61
398
622
437
53
788
1936
1231
813
585
1896
1587
1664
1195
1115
21
66
1135
1479
338
1778
639
479
785
1535
1005
1151
1224
231
1429
658
1435
580
1904
965
1064
1386
1601
1589
1970
845
1133
1622
1619
852
1426
971
1333
893
38
468
291
164
640
834
523
1734
395
91
1147
656
1803
663
586
1517
831
236
629
1617
1016
906
855
186
1277
1787
811
1657
198
793
1062
1640
1062
311
1098
1050
1462
837
1372
1838
1722
418
1831
411
760
1636
1188
1934
1589
666
459
1803
60
107
1129
1319
74
1659
915
563
828
163
1787
356
1973
1561
1407
725
1684
147
1915
344
425
1982
471
1793
125
1562
68
1625
1508
674
1318
1818
4
885
1711
1933
1500
294
551
573
1440
373
747
803
639
489
1320
1972
432
1443
524
1128
1428
437
956
1476
349
781
1164
1647
66
420
1910
658
1640
1793
638
181
1619
1996
1298
1289
124
1096
1950
1441
427
1917
1923
1273
226
404
1456
743
116
1460
1319
1564
1601
1299
692
1288
1662
1704
1225
211
32
1487
581
674
117
720
1124
1687
1155
1316
1019
432
417
27
1415
1934
109
946
255
106
17
1451
772
1511
1220
493
1472
1489
1953
60
46
1456
1746
654
854
1388
1986
1219
208
1969
1996
431
455
1546
1638
848
681
423
31
453
1689
1961
857
1357
622
1289
779
327
627
220
670
1199
712
74
514
383
1097
561
1806
387
1073
1693
709
1460
182
1100
1112
1279
1350
1489
808
1105
324
1649
1952
606
1934
1976
1320
1648
531
1036
392
296
1758
1126
1118
332
1192
1286
1730
347
1520
1168
1273
1051
1108
764
1470
1144
1458
1090
1764
1338
462
1296
1172
176
1159
357
1335
722
187
1616
414
1337
1123
1677
1925
1876
829
937
877
369
582
1044
188
481
1077
1869
1787
1500
1014
763
224
1261
602
1399
538
797
375
1487
1988
1308
648
1320
973
379
4
1678
842
966
769
1504
1514
191
1181
1037
64
1775
1084
64
1526
1186
1938
1648
558
1330
1385
1853
1687
497
963
922
1916
1967
1728
475
244
80
963
822
1206
988
83
1373
601
807
1915
146
952
917
841
779
1378
923
770
1172
193
1065
1554
1671
1946
1348
1807
337
1690
141
1658
729
892
718
1359
110
788
1830
1379
869
324
1784
499
1224
904
1722
1223
1143
1240
1319
247
553
1424
419
269
1602
1955
845
1153
1523
1837
618
1651
1200
1416
1531
1097
1159
1558
438
1284
1604
920
1620
1375
1320
765
541
1135
24
1984
821
1601
648
719
1887
1253
148
324
1283
83
1154
1929
399
150
1588
124
1309
1251
1026
1560
693
455
339
715
1372
824
718
70
1408
393
412
1562
1592
846
971
176
1489
1324
249
890
1963
618
1629
1122
915
569
450
1718
1214
705
990
1420
1991
192
791
1814
559
1955
745
30
359
458
1495
83
313
1560
690
394
315
728
285
141
470
1438
1696
765
1288
1578
199
1823
295
107
1477
1285
1329
573
1786
304
1462
777
1706
1327
402
1414
665
25
1290
61
547
29
1798
1818
1518
1440
1644
827
1394
812
659
868
150
1657
1075
1668
864
998
1844
739
342
867
1602
1261
684
316
1190
860
772
750
1258
1044
1720
1051
1442
1089
618
1219
479
457
941
1766
1969
474
1708
1153
600
619
1532
1921
1628
1401
1875
258
821
937
754
1966
780
438
998
992
1823
506
1914
87
176
505
1755
595
910
51
1072
1269
435
385
450
833
1586
1493
1301
1011
917
1668
809
1902
961
1200
1319
610
997
696
820
1589
918
1188
780
100
1611
1725
1696
318
1433
892
1311
390
1812
1711
707
351
51
1658
1842
343
377
1663
216
1067
524
742
23
1269
1060
1482
397
733
994
1924
532
1918
301
1160
1769
1549
1722
446
523
1116
1758
1609
801
667
1413
830
399
1670
81
643
699
1088
1148
948
444
509
930
928
1659
387
995
373
612
1296
1029
1506
1118
812
1461
1504
62
1985
1858
1283
1896
627
1495
1770
1321
644
837
1139
1568
1441
1118
1714
460
277
32
165
538
112
609
163
301
473
162
1432
1730
203
1494
1675
341
758
755
1807
328
123
517
1222
1172
400
530
197
220
872
1083
208
358
1672
298
1377
824
1978
1215
357
996
153
1466
785
871
855
135
414
1914
1679
1686
1934
986
868
1343
601
1540
160
816
272
250
1469
993
119
848
1977
482
340
276
1230
1479
1479
769
1561
1702
315
8
1741
874
745
248
1509
1539
1816
401
1517
141
1511
682
288
356
1907
1846
831
62
250
17
1862
1981
1646
676
1683
1932
1071
1652
729
1103
1613
1916
595
905
783
1899
390
654
778
826
1875
761
471
1250
433
735
666
721
1605
1965
1921
1606
773
693
595
1898
886
1059
753
1394
570
1323
1171
1791
1709
855
1712
751
1106
1937
785
496
1989
1786
1340
573
874
1290
1036
782
1939
1181
717
217
1975
1150
1136
1225
251
1798
1158
1562
611
1303
415
478
1626
1048
783
1122
809
1565
1674
730
178
1655
488
1558
1653
1650
850
1408
1031
1005
863
888
200
1501
1930
1024
687
80
1531
189
407
1977
680
791
996
1055
5
1742
1996
202
1391
880
547
1445
689
692
989
1761
782
127
1297
1843
234
908
560
306
1678
642
1796
1579
1763
348
1255
40
1033
377
1335
1239
108
1910
526
1322
970
496
391
591
1784
504
146
993
603
302
1196
943
925
1011
1335
1863
337
863
194
1654
1197
1054
189
1518
1636
1132
1250
490
184
1410
925
1371
964
1175
604
389
355
1252
247
1251
1857
686
1475
157
855
699
739
1558
237
890
1399
1542
1360
1043
1193
1117
1024
1123
757
956
1932
1536
1105
713
1094
10
635
1124
1538
459
415
761
1
727
1302
1949
592
1504
1467
305
1390
1731
1728
1649
1214
350
319
1389
520
317
685
1483
101
1739
1452
1715
554
1841
1155
854
1293
1207
313
1455
1580
1367
852
483
1351
1141
1016
838
1802
1916
814
971
1792
456
1072
562
1667
477
340
611
454
1089
1186
1928
945
1487
1739
264
1626
368
123
1528
248
209
1487
1592
195
355
1938
299
1618
1220
1319
1140
1035
1551
1347
893
1142
1865
1035
1601
493
1609
522
1902
11
334
856
877
1273
1436
205
1926
1530
680
326
1954
612
91
718
428
1655
1847
1101
492
1966
220
1358
1237
1791
1160
1928
48
100
933
1179
1434
1910
439
1493
1598
1268
1685
1617
596
33
1389
1369
1108
231
82
445
1757
213
1272
815
1583
1221
580
712
291
228
424
1414
1989
397
1378
1450
461
1450
1215
1672
1541
960
41
1123
1211
47
1442
1775
1284
688
1569
828
1059
1687
1941
1892
1032
1152
1634
1762
1427
797
1582
1702
1792
382
1808
42
620
80
152
1656
958
235
1236
199
522
1028
757
634
1935
1826
237
1262
1427
1903
328
1802
1649
1271
1280
1145
690
817
469
1264
1710
488
1386
586
1334
272
889
81
1630
1973
1288
636
77
308
694
1253
1913
1495
431
1482
429
353
219
1609
170
1250
699
987
622
1032
1122
380
161
869
371
694
1189
1647
815
817
887
999
1086
1046
1623
1555
1120
1120
987
1394
122
1411
1726
893
123
1046
420
1163
527
183
1450
404
1948
208
915
45
44
619
628
932
1480
1106
425
943
1814
457
1744
769
1177
238
1006
505
98
849
170
212
1829
30
989
630
1265
269
933
871
418
572
1083
1492
208
1657
843
662
565
1608
503
420
753
283
964
538
771
1299
581
1544
488
1413
1479
446
242
1860
562
368
1905
1140
902
1689
278
1028
1863
365
838
1427
911
592
69
1801
1067
1828
239
888
1449
1410
476
1682
1189
1956
36
866
1412
621
971
20
1847
168
884
1611
932
1768
1253
1641
1603
1680
1216
1818
1143
906
1454
847
536
1028
339
1175
1281
1498
361
1884
291
1341
9
1145
1981
1584
337
1581
1633
1393
1567
809
1113
543
1497
963
978
62
1406
54
1628
1924
1094
345
1636
1138
420
175
716
257
104
432
1537
655
1428
384
164
117
1379
1095
1953
1907
1446
908
1733
534
1561
670
395
570
1466
930
1554
1687
957
1060
1083
310
1361
839
1285
1684
1134
457
561
1698
438
621
750
895
1105
190
387
691
1607
1548
1296
1548
1412
145
938
1846
1906
1841
1406
1206
1805
93
290
1902
1681
1928
378
1461
139
1278
490
1444
985
1545
1294
1163
56
509
102
866
1244
1321
1544
261
1358
1057
1878
71
1878
1866
1313
747
562
1099
694
537
712
404
1345
579
1504
522
1142
976
1584
776
482
1166
1992
478
1708
27
721
1189
1568
53
1173
1453
230
241
1383
1004
1254
1265
1609
1412
1056
984
1341
1068
1836
1212
1941
415
335
1430
1413
587
1376
1299
216
1895
1434
242
1863
1696
1311
1952
151
24
500
822
1530
1723
1112
1539
493
1451
868
1837
866
1437
1532
464
1191
1714
1616
1015
962
996
1060
1660
1698
1506
494
781
94
1350
1316
237
1069
618
1123
1245
1855
1882
673
715
1000
428
435
1197
1555
91
1126
23
1050
230
128
797
1652
1925
690
1731
302
487
899
1374
843
1050
985
1586
1285
997
186
1544
1135
1867
233
1858
1476
445
1592
923
392
613
68
1087
1044
1595
486
857
24
625
687
687
1155
365
1856
149
240
1950
462
163
653
1137
1986
1599
1201
1949
1743
1552
1815
416
356
334
1758
571
1896
262
1582
1237
560
1114
1209
398
1724
936
1028
697
262
1609
1969
1837
1151
565
837
1290
532
1819
606
1163
867
805
1080
288
817
221
250
1604
263
528
665
316
1393
1251
1963
1182
1523
818
1108
1265
1524
840
1087
667
1394
342
1483
1742
1088
1437
1939
355
761
410
452
1494
349
1954
975
1355
869
866
1152
1550
1049
432
1108
1579
566
1065
1109
233
259
1590
691
730
610
1752
142
1828
1026
992
1708
1138
99
1067
63
1331
733
937
1505
1846
474
1369
222
303
611
1721
448
860
1891
1690
906
1492
32
1161
54
78
981
81
22
262
433
992
1548
3
121
1604
816
1719
686
1228
473
1511
56
139
1864
1651
1621
988
1162
379
1412
338
1697
954
49
883
1274
770
890
1404
1333
618
1631
1200
1914
1734
1029
1501
733
701
355
446
1929
1511
379
511
542
647
1278
1377
1393
1045
336
1257
683
1276
18
574
831
221
490
897
1949
40
45
1709
1950
912
1944
1624
1370
1
21
1159
905
315
1740
654
384
141
1303
778
1850
569
1962
205
459
1416
959
933
1382
522
535
1268
197
1550
1850
129
65
214
744
639
1212
578
1486
918
627
1592
1863
1595
1464
161
1865
1221
1131
1181
877
517
553
1593
395
796
409
1400
2
1962
1341
194
797
431
636
632
1704
316
1816
1031
400
558
1157
1466
1805
1221
1335
1308
1315
803
537
88
471
1149
1977
744
1540
1370
333
1867
1903
587
1704
1917
1466
1578
1078
1943
692
572
1866
452
188
601
1186
278
1290
1470
1837
101
1244
483
595
1519
687
1591
1286
1058
1174
639
702
1052
1334
57
1580
498
1863
1852
246
1418
154
1412
648
798
850
134
1764
1156
913
268
994
198
1293
1614
1644
296
831
1122
557
585
501
1164
873
705
1142
1384
1558
1103
859
999
1680
788
1888
897
1815
1981
85
525
231
1728
186
549
1661
1982
405
1710
1687
328
1532
690
1
1572
777
1753
94
1119
1226
1943
1464
900
745
170
1353
700
593
961
832
1221
562
252
1410
1481
562
1305
1620
642
579
1169
1450
1087
1553
1417
1240
1471
193
643
556
1577
1741
1933
1594
1340
586
1353
897
369
1652
1059
1362
1066
1401
1651
872
1388
1153
1415
926
1782
1141
1720
1824
1986
1004
1264
652
1666
1076
1378
568
1645
1367
499
1507
1070
399
1087
141
1227
108
1642
308
847
364
1639
1121
1887
547
1857
623
58
829
301
1608
362
663
1219
824
1114
913
1621
419
1084
725
915
150
622
1878
643
1273
1728
338
1776
1715
801
1428
283
241
303
545
906
1337
796
298
276
776
1933
1459
63
1599
155
1427
1832
991
1462
1695
81
1387
759
107
865
1377
1309
1302
621
134
1425
1434
1439
794
552
1016
956
567
1916
1914
644
1979
865
630
185
50
305
296
1914
657
1845
1853
169
1754
226
1831
38
1036
1
811
1111
1340
1253
175
1172
1690
1935
975
1254
1874
1508
1145
1357
675
955
368
1491
836
1306
1103
1377
1918
910
382
66
875
714
1162
1380
1032
1876
447
1608
328
426
1974
887
1521
583
609
1972
25
1986
18
683
1740
1894
348
859
999
1718
409
1109
1503
1887
1884
183
642
1827
962
1494
829
662
1311
258
1468
1855
486
366
243
1201
691
389
1111
412
70
1992
425
1385
1025
335
1149
1287
524
1438
1320
89
1554
408
962
1028
1719
1549
706
1663
1661
1579
1908
451
125
1436
214
63
417
1147
1025
775
347
1086
321
1872
354
1584
1822
1602
875
272
1672
655
251
945
767
1544
185
285
1163
764
1058
346
1470
1579
611
1015
298
694
1836
1087
1807
1287
1051
703
1433
257
462
1979
565
839
279
510
554
517
998
1780
586
1732
29
1747
502
1544
1807
388
1851
73
998
574
878
1000
240
55
1701
34
89
1898
1703
1147
410
782
1086
1586
1186
185
1822
1259
831
940
1167
1017
1367
1590
1272
199
1173
1304
202
825
82
174
1300
179
1820
1165
1956
1342
912
472
1891
1185
1749
425
1850
1419
1941
155
554
1183
1393
1917
1584
850
354
1052
1052
805
195
705
1451
92
1223
500
1480
1320
652
1756
620
1071
318
701
501
1685
1166
725
1227
1112
48
1684
1119
596
1031
694
1352
1126
915
627
1920
67
1786
1391
310
334
16
1135
532
610
633
960
281
1850
1833
757
650
1991
1159
380
563
283
1802
764
126
1645
723
1458
1292
1772
820
203
949
1149
1042
537
19
1947
1745
1663
1350
870
840
1689
1792
1876
814
988
1536
376
586
774
995
1256
1649
1848
1636
1829
1091
817
1044
1352
1107
455
1121
324
1068
670
419
187
873
119
1737
170
64
1776
1321
491
1246
210
1247
156
448
816
352
317
1531
765
1326
854
1073
1945
1875
1912
279
1967
1255
77
305
920
286
977
473
1989
1022
1908
1999
69
198
728
1632
379
1647
1765
578
70
1033
632
1188
335
267
1897
1905
1870
825
1088
1572
493
1386
1554
1389
915
910
1573
1332
1461
1011
1259
1646
1796
539
815
1642
1570
27
363
1406
786
1742
1947
593
97
839
68
501
1747
618
577
1861
275
1971
882
1652
230
598
149
145
1913
276
1494
1917
974
1625
310
1858
1241
1726
1980
380
443
1836
846
1232
1319
215
860
445
564
526
701
388
702
159
1510
960
1418
257
508
625
130
1591
1789
59
46
1179
825
596
1819
311
1719
1719
1144
1739
1507
1976
1226
665
1068
864
383
288
1269
793
1008
1138
779
121
1395
1426
1865
294
600
1645
1873
1655
908
1779
1853
844
1787
1685
1494
1551
1999
393
1088
303
129
938
220
199
466
79
1362
661
55
299
273
921
1827
1797
1037
818
24
1835
846
1021
1015
1249
327
1864
1932
931
1369
1520
618
556
11
987
183
1880
1608
1230
1684
1813
689
891
276
944
133
1797
1885
786
289
361
55
1674
1764
1384
1693
95
1958
842
1428
1730
641
1596
39
1713
982
535
1469
535
1136
1573
1575
1641
1587
162
2
1424
615
1178
682
1030
908
1286
1507
1812
233
1133
1480
292
735
235
715
841
1679
873
1213
457
999
528
288
485
1759
1618
1590
876
1253
686
1577
905
879
745
341
1509
1697
762
521
632
1798
943
1724
1657
1677
101
1218
225
1240
1551
1717
1214
1303
1843
1637
1273
796
1867
1394
834
857
1792
599
1727
355
1837
278
969
73
771
528
1070
1428
824
726
853
1409
1735
1286
1864
1429
1741
1107
1132
729
837
386
664
504
1762
163
1641
35
1098
412
1977
1198
945
824
720
1033
625
1195
36
352
1594
1466
1191
1120
783
650
1950
1346
272
6
823
826
1567
651
62
1051
1901
762
174
1347
1155
1437
738
1968
1306
537
1580
1007
1269
242
1546
81
149
1238
568
1231
1395
374
353
786
511
1127
1749
1511
928
508
1535
472
360
510
1724
15
1412
487
1116
1115
781
1159
1073
1363
1499
598
1101
1916
851
979
1453
524
1431
660
729
496
206
1248
756
40
98
1340
1798
513
1313
550
464
1097
1924
1563
1585
1608
1195
774
1502
668
489
577
790
1485
751
1675
93
1327
143
1711
1041
1207
1272
226
282
1481
1712
583
1014
227
1640
1871
1572
335
1369
1623
1262
1947
1623
19
496
1935
1072
901
688
1992
1955
1076
969
1398
1218
1562
1014
1018
1715
1904
1410
1435
754
457
48
604
1567
1993
1042
1233
1196
126
319
1471
557
263
603
277
734
1554
1795
240
783
1194
1574
1941
1357
1060
265
963
221
1098
1753
907
1785
785
1757
1236
350
1982
1700
213
618
1086
812
1867
1441
510
1699
1065
308
1401
291
740
936
657
1604
639
976
195
795
1945
1918
7
159
296
903
456
1184
141
284
1465
140
1063
133
1434
1849
1418
870
935
73
198
1329
1588
276
1916
1505
484
1813
663
513
611
1805
122
1180
1205
249
1168
1772
999
906
842
1461
1627
379
63
1682
1080
1926
1254
207
726
1713
933
528
1549
55
15
249
941
1359
736
1147
628
1151
1958
1044
152
1102
417
893
937
340
1295
1804
563
1671
1693
1050
1487
1947
656
531
220
689
1242
1334
660
99
1913
290
498
900
1791
1439
1146
584
440
103
1940
1085
1006
342
1609
1737
1785
1105
191
61
942
1539
1595
1376
731
23
1516
1449
73
551
1988
556
1775
1493
1088
1547
1985
1050
1229
131
1107
682
1004
1455
795
76
1813
1146
1833
288
899
1777
1078
375
387
667
574
1175
783
1826
668
1971
133
491
1694
1858
1855
1409
72
555
1730
224
386
1430
1523
1370
28
1321
758
1502
1003
1328
1138
871
1331
1425
1412
424
98
1814
666
1972
595
670
1536
227
1663
1685
41
424
974
1536
1285
223
929
1889
1410
1167
69
240
880
939
1159
1656
543
90
1207
953
1128
1902
982
298
322
85
1437
1160
391
1757
680
128
1933
555
1829
178
343
994
798
888
1033
1576
943
1366
1633
288
1804
842
1106
869
894
1433
145
1794
1630
1397
1138
321
566
681
657
1452
158
1124
1038
1466
1025
91
90
958
781
61
85
1216
407
702
736
89
1065
277
1232
1282
1724
1028
1922
1402
513
604
903
727
1496
395
623
1665
1431
1765
1587
1732
1452
1584
1415
903
1514
789
1833
165
1610
877
1764
1940
575
51
1843
1381
1763
1916
1672
1856
1564
169
1848
1721
102
977
750
284
645
1658
1464
1440
205
41
1594
1670
1842
1874
960
1243
1793
913
1938
1906
198
32
1203
1242
569
458
1329
1109
345
213
708
1
432
1046
1639
1178
1503
703
1042
300
1835
344
1423
1019
578
268
195
439
1425
1750
1042
1408
1927
1843
167
1532
1392
754
1081
1033
53
1121
332
972
613
653
61
1574
1596
173
1969
939
1549
1322
1442
409
274
1408
1430
954
301
511
730
625
1754
1724
58
63
810
728
767
1237
564
449
1356
751
1805
1297
631
135
1837
1116
745
670
1653
991
336
545
231
1561
407
1031
169
856
622
1210
725
1953
1703
723
1552
1801
1901
42
1078
1179
321
1557
1179
1975
1062
1518
84
1570
1745
29
1688
1758
913
1546
1133
800
107
1312
1119
401
6
370
175
993
299
1098
127
244
106
767
162
704
127
1621
1223
1553
279
763
1865
1722
1382
1631
1716
479
594
405
1708
148
1642
626
358
1199
367
807
1633
846
267
508
118
859
1318
586
297
115
1255
1235
1302
259
16
1190
1229
1376
1275
1939
1857
1658
806
1495
1005
1604
1883
270
194
520
917
509
1462
1841
1
915
503
885
1429
511
1874
57
1878
1051
545
897
163
225
330
1357
1252
1442
1792
639
1872
665
364
747
734
811
1201
1083
1968
1198
845
238
1952
1125
963
1993
90
1986
1625
195
1638
429
846
612
259
1904
16
1037
1427
1324
432
1450
426
1599
491
1599
1435
1384
49
1530
1033
1980
721
994
1757
917
1849
234
1447
1763
21
1282
1107
62
494
229
1095
276
48
1521
75
286
849
983
404
100
5
1202
592
1607
182
918
1065
1382
263
1232
1405
1057
1867
813
840
76
677
1003
1397
1719
1231
1160
1041
952
1455
132
1223
1180
965
441
1854
715
453
841
579
203
1385
782
1439
546
854
234
1427
1650
1288
1788
338
342
1868
679
302
413
1700
1191
1253
1420
140
730
409
1536
66
272
662
284
392
1066
696
262
1440
312
1475
1407
869
1571
587
586
1247
1313
1610
390
865
1514
633
1320
444
1205
794
282
656
197
1134
1700
659
241
970
239
1687
325
890
1120
216
1074
744
1096
285
1442
478
1898
1848
26
1215
511
1183
1621
339
1605
1079
561
10
465
1770
1969
148
345
636
618
1367
601
1125
772
1959
812
263
1038
1217
1354
857
1267
549
802
639
990
1342
356
1843
1531
1066
353
1977
653
322
102
1426
1377
473
1241
573
1638
1017
1258
439
1400
1031
203
218
1121
885
1612
73
981
836
392
40
155
743
887
1992
1276
631
308
1505
548
840
660
1358
1576
1118
1225
619
165
284
1835
1499
1363
559
1149
245
1157
1140
1771
1451
542
936
484
1640
1232
611
1727
518
1183
1166
239
1558
322
1795
709
1377
956
771
267
495
630
533
1989
500
314
789
1007
1374
99
105
12
420
221
3
371
360
807
1171
1294
1192
1234
35
1717
82
1089
370
1332
691
131
1251
546
1470
503
755
1755
1978
722
1627
129
363
500
1411
641
1028
1858
1773
140
369
577
1457
419
1872
1949
1626
835
721
1087
1716
1557
722
1813
592
1636
1405
1175
1758
1256
232
718
420
911
1650
1228
1140
954
183
1274
313
1985
1717
1342
1934
1030
277
200
875
1171
1296
1270
1602
1757
765
257
1632
1857
615
1837
193
294
698
1356
1460
160
96
1992
1988
1626
1498
1982
138
203
430
587
41
1016
1535
46
1526
338
196
289
1583
947
1043
349
1031
196
1862
828
668
161
1436
327
1548
573
996
749
1491
1251
1578
1059
1840
1124
649
452
93
1246
941
934
1629
1113
1009
774
202
1963
1604
768
727
420
1941
1778
1839
909
254
1962
976
952
1774
820
1227
39
692
489
837
1802
1273
378
519
737
1114
526
1855
1104
363
931
1250
414
1710
1226
777
618
512
1274
1336
1985
359
757
1405
40
516
458
1706
1149
1990
191
1716
1676
764
528
1371
540
349
448
1973
561
521
9
1786
601
243
970
1315
1423
199
326
1545
1928
1805
1889
1464
1300
710
384
1521
1982
1897
1979
106
640
1364
988
1256
341
245
307
1626
683
1210
1190
1925
1015
1917
942
763
1796
1724
841
508
1665
1184
455
1954
536
1339
1030
1601
595
546
1867
1607
987
498
595
1783
1706
1098
1063
735
959
589
653
624
1658
1292
13
786
1330
262
1074
326
1244
171
287
1243
467
1620
1171
1512
1735
1828
1961
986
79
1673
314
1158
639
165
165
1507
607
1354
1168
1828
371
1794
1723
1453
1552
83
1145
1361
1231
797
151
293
1201
736
13
539
1909
1157
1522
342
84
1169
1306
726
760
1268
818
887
311
977
1252
439
194
1225
1649
1632
569
78
829
1216
1065
280
444
654
848
913
80
1789
481
835
330
455
1344
1937
1652
180
1717
1843
725
187
674
1624
1280
1045
1743
468
895
896
102
196
1918
481
1152
1486
908
1627
781
162
1377
457
65
1038
1145
1079
429
1551
1539
671
1830
847
204
1684
724
368
903
578
258
1162
463
1812
1692
511
855
1964
890
1181
1012
993
1719
797
1355
26
1520
593
1649
252
770
1081
1282
607
118
111
878
1236
341
1107
1781
1032
1052
1008
248
734
533
940
363
1067
311
963
1753
468
958
187
1602
1658
84
244
1251
401
1246
1473
636
249
673
1174
1204
1961
50
1422
713
1855
15
1246
668
832
254
1841
722
391
1116
1252
881
154
861
648
241
1676
842
1984
1095
1532
1934
1519
1924
1551
535
793
1147
393
195
787
1683
1104
1893
1076
94
1461
1697
498
370
974
338
893
166
712
1245
1300
1090
1084
1028
559
1391
1465
1805
141
902
456
1561
132
1293
1815
1435
1602
1504
1105
64
1359
36
1348
500
36
557
1281
707
658
530
500
1996
1028
759
496
679
54
62
1817
1222
53
1719
816
46
1406
196
1843
1599
1719
859
1459
1899
600
1045
41
1492
690
857
348
1850
431
1829
477
1603
390
1556
658
1327
1684
1612
608
1428
1649
346
392
101
1563
738
1165
652
272
423
1931
1892
1021
1000
201
1071
561
209
594
1054
1096
843
750
365
423
1458
561
686
841
1268
1309
1263
739
1606
749
256
334
601
189
1090
333
1698
1388
80
1715
561
642
925
903
1981
972
1992
339
1834
990
354
1165
1619
815
1557
779
1880
1872
535
1391
1268
1087
409
474
1496
1341
128
163
239
1181
212
1245
160
268
99
846
247
1185
1767
244
963
1909
341
348
449
1298
1227
400
1529
244
486
1422
1611
171
874
1530
1574
1483
364
1311
1207
1109
156
1943
675
184
477
1859
1512
304
1179
1023
1492
1245
256
1542
1898
1685
1807
768
1727
592
1176
327
514
1574
1345
893
451
560
1934
43
946
1172
1808
155
1270
224
1204
136
275
579
996
1890
1784
116
254
859
57
909
544
1411
1904
1231
531
851
403
856
1296
1756
466
951
1337
983
305
1033
1791
1860
1297
434
410
1743
762
1341
682
697
1769
1355
503
810
873
1589
628
1851
813
1882
58
8
454
604
745
940
1050
375
351
1597
1790
1906
1500
1115
666
878
1882
635
1563
189
1977
154
1566
1063
1583
158
1975
545
1815
561
1550
1728
1505
368
1978
653
1708
320
1230
35
1566
262
1842
1858
359
329
603
329
1031
1798
1210
523
1221
1461
1793
1128
1893
439
90
466
1010
136
1808
360
717
607
961
695
656
1353
220
942
601
535
1245
1841
1334
704
699
1274
1072
194
671
1777
1405
48
1958
968
49
216
323
630
1984
1928
132
576
205
1130
1000
174
1396
578
1077
1994
1248
132
1530
1728
1771
86
270
864
1815
300
1622
880
1362
1375
1955
64
59
197
1306
624
280
641
928
841
1235
9
1030
1671
1450
536
1857
898
684
431
1041
725
424
647
173
240
1694
720
1914
776
309
1356
1346
1391
452
1189
641
1146
1434
1905
1067
210
520
382
967
1233
1761
1189
1588
1280
1977
1621
1921
1621
2
670
1412
1550
633
690
798
1691
802
82
1248
1409
1083
41
1577
96
1409
434
419
1076
552
541
453
1281
1901
53
651
1485
1835
1844
1493
203
1777
1192
1519
1593
1373
1429
1957
1839
1114
1426
835
1636
1494
605
938
331
1066
1238
965
1933
20
1055
1912
1292
480
322
490
84
1851
387
157
1486
575
587
10
1739
924
829
1123
1060
721
1183
599
154
1792
977
1527
1614
1078
1150
695
198
1098
1471
285
1445
578
1405
137
1257
215
706
1943
1574
1694
1592
689
1515
349
179
1132
432
1518
1641
709
1750
1091
1963
1471
1531
1426
1307
1990
1545
637
1145
1545
57
925
358
507
1610
1377
744
1549
88
1433
991
537
1432
1450
830
1913
1040
1597
589
1290
378
554
807
895
732
1207
1141
1633
1704
1041
929
175
751
1383
1073
1682
1931
196
123
880
601
625
323
333
1181
587
1007
631
524
1534
1872
1558
1106
269
455
1906
1379
435
1957
1090
372
875
1257
253
899
1218
250
1655
290
1648
973
356
16
416
1802
1472
284
1874
1965
256
1245
837
1027
1723
904
43
1786
1809
943
1290
414
545
550
1612
1131
427
1203
167
487
983
1665
166
310
171
726
757
1814
970
114
562
1076
213
719
1548
672
1324
1355
882
169
1751
1661
152
1688
360
435
1323
1055
1961
208
1385
167
514
466
195
1085
1615
1438
1386
1840
1389
1936
1440
1236
1639
1761
821
969
1175
787
209
721
551
75
1917
971
649
1343
1921
857
278
37
1739
104
1948
1098
752
1992
585
1736
135
389
1205
904
572
699
74
1858
1410
1941
1665
55
1528
1658
128
831
241
254
131
1945
865
882
1751
858
1
507
1440
1738
349
1275
1564
1321
631
753
225
1302
754
1387
764
995
1789
1253
1761
623
917
1482
431
1290
283
1046
1230
1808
350
1374
1808
1829
1975
750
1954
1925
1919
1171
799
57
533
1882
1477
717
1662
34
654
1219
415
141
1921
518
370
26
1723
686
815
88
573
1525
1956
752
409
760
1096
571
30
610
1863
653
1793
178
1522
19
1479
1754
296
1016
733
1313
1965
978
1148
684
815
1270
1938
1034
1397
1089
154
792
947
1407
1931
1535
445
1705
1144
1158
864
811
1491
8
216
520
1887
1937
821
687
1747
1481
1460
1153
129
656
484
609
848
794
1574
1406
763
1764
1304
1043
1269
979
1232
717
1431
1719
1568
134
71
1679
1480
799
464
10
1744
392
1182
547
30
434
529
588
1351
1131
67
1067
1990
650
1587
365
1467
581
1859
1515
1863
1406
175
59
1933
1402
1695
1040
217
703
1299
1074
1534
1695
1131
1500
1731
184
152
1537
1327
578
1476
1879
29
440
1140
1870
405
1604
802
1302
1513
688
1882
79
498
1228
379
351
164
96
1269
1206
639
1426
1047
1321
826
959
794
391
787
1623
608
687
1751
800
1238
1824
1766
511
379
1970
560
752
1884
1353
708
236
609
219
1999
723
1361
1848
1549
131
1737
1677
1522
65
211
1497
559
394
722
1893
872
1919
814
132
1903
669
167
736
555
107
132
470
1263
1468
987
1369
1034
1094
1130
1422
763
970
301
1897
1167
608
1767
1847
1489
682
339
909
1184
1141
1099
527
1521
1368
1373
1177
665
589
1865
1326
802
642
1947
1588
1049
1266
1814
101
1898
185
566
295
1373
565
806
1829
1308
1053
668
54
369
1690
1862
53
1812
1513
965
800
1620
599
274
910
782
1202
598
895
1948
111
36
398
332
83
152
332
994
271
1791
1979
502
1317
226
871
1543
1909
1693
490
655
1704
1275
709
723
879
723
32
1142
960
336
1078
325
279
630
911
349
114
1940
666
653
83
924
1612
1044
1811
1977
1510
79
437
744
627
1576
14
1262
800
1320
970
371
1666
120
956
272
454
714
1313
901
114
1455
1350
86
1903
1942
83
166
404
508
1708
1585
311
109
377
1813
1422
1850
920
1614
1271
1425
596
347
151
869
537
766
1705
809
261
501
518
1619
1116
1288
315
1592
972
763
1137
1230
82
1337
1864
1364
570
405
389
784
932
1624
1800
497
1137
1218
210
397
1601
1190
1165
1287
0
1435
696
1910
1980
1559
1190
990
875
1645
799
715
810
1451
956
476
743
506
1870
1939
851
1898
466
1028
213
1423
39
1755
1300
1895
822
524
1864
589
787
1809
803
959
571
1124
113
979
1578
367
692
1936
1382
522
1375
337
261
1507
1796
1926
749
391
304
1968
1705
573
1231
810
1933
447
1518
79
481
1898
332
537
29
783
208
594
1486
903
625
76
776
1820
774
1977
1671
1396
1854
1457
1020
1640
750
637
189
1295
1413
215
1248
1001
934
473
661
630
203
1882
1207
1838
75
36
4
185
937
1393
127
80
256
882
1272
63
1854
158
1095
525
1799
245
1645
904
1010
1477
699
538
888
367
1022
1454
215
996
895
10
991
832
758
1746
1712
162
786
1692
205
1794
943
941
1616
113
1754
769
652
1626
1755
362
1639
888
1699
1871
753
1443
1974
862
470
1489
1290
1277
947
415
427
651
1671
306
1123
1266
809
215
924
1599
814
1493
1761
604
449
1909
1828
246
1470
1039
352
1403
831
1769
1327
1648
796
1567
1205
31
1128
1798
1063
1890
1211
25
1577
1273
602
89
1834
1308
1607
1628
883
108
1226
1275
1544
1525
517
1478
1835
1241
874
1009
1945
482
1167
1619
901
541
1651
1001
1359
1864
1208
1626
669
1379
1771
919
414
912
108
1949
41
12
1008
270
324
920
541
76
1705
1825
133
1976
655
1932
946
1043
1919
758
41
1693
150
1169
911
102
1492
40
1654
188
33
1195
1534
725
1100
1577
1098
12
1959
1477
288
790
1666
856
1869
382
1504
1533
804
295
1420
1226
1210
1592
0
1342
1909
965
1299
931
1679
1625
862
550
1647
1021
129
1003
1491
1438
1630
579
1228
1425
979
817
1048
350
1401
1992
184
1210
1948
965
248
174
117
487
286
366
306
910
644
137
1010
174
1260
861
1023
281
1253
1948
988
1680
1370
890
69
1952
1111
1819
942
394
395
1027
1928
1296
112
1958
446
20
1992
1975
1655
90
165
346
448
397
1629
1128
223
798
1473
917
268
417
480
1906
875
456
112
943
1127
229
751
1211
435
1883
1254
66
1415
1710
125
396
1165
1347
1890
252
1272
1137
1395
1667
1277
282
1590
1762
1661
1654
1291
315
1817
1235
1520
312
1803
1391
1243
510
86
793
564
1743
1520
1195
772
660
1029
1048
688
1252
158
409
122
1167
1174
512
1810
1464
1261
1276
713
892
1886
1873
1111
888
1315
1067
1663
175
1363
1972
416
519
105
1688
1646
1049
1426
1447
1086
1474
1707
1051
294
1538
1270
1268
542
1079
276
663
1459
1873
1165
561
835
412
1067
319
691
785
279
1475
595
615
1812
1996
645
1474
1870
366
267
705
1800
606
1135
1765
391
1796
1272
1894
549
1457
379
757
1193
1320
1092
649
260
105
1321
128
1387
932
1413
1160
1021
1180
1343
1422
1630
819
1660
1432
859
304
1295
1893
1331
104
759
1525
1784
904
1701
496
40
1201
1506
534
223
170
1927
1467
227
785
563
1755
1403
371
1916
170
1136
1150
1906
883
532
3
1857
193
975
287
686
660
566
1908
282
1822
851
1289
409
171
1895
170
1934
1085
671
1477
1043
721
412
855
760
1141
290
204
193
1780
27
1013
888
278
1711
1804
1450
814
1188
47
192
1483
937
847
1511
974
953
1299
160
331
1685
384
468
1649
513
265
260
1995
702
580
1640
756
1127
959
589
383
1899
1138
1327
1693
510
1577
259
818
1695
342
1952
1426
37
711
800
1285
1343
1548
160
1987
1876
511
456
1707
1718
120
372
1542
1015
97
1515
1274
1234
1482
1181
1951
191
245
183
1213
1069
1689
1171
282
1912
693
1680
846
1818
1730
1268
154
889
855
527
376
1113
803
1878
1935
991
478
1048
4
1535
1722
102
645
1318
1084
1333
1104
1303
1248
1787
506
746
264
417
153
737
9
884
1194
896
1369
1257
786
573
460
1321
272
855
714
23
992
1867
1053
1557
713
1312
459
790
981
985
728
402
187
1299
1843
62
1913
551
1149
1718
992
1890
218
1817
706
1649
406
1555
1588
1927
1727
1
244
396
1377
1691
56
1004
1501
712
766
263
59
751
712
443
1296
147
1922
889
153
1562
1569
1546
450
1998
1185
1825
763
172
1188
1467
1760
415
1389
154
1446
522
1430
1192
209
162
1119
703
1216
861
1084
1452
960
1660
954
830
31
1524
1686
752
520
429
1983
292
546
1170
916
20
1392
733
1888
1307
307
1871
780
965
52
1064
1911
921
1398
1440
1147
1121
314
1671
1617
994
1404
1831
155
1472
1439
948
75
1890
271
424
1097
435
192
926
1840
1888
35
1063
22
1235
534
1517
994
1491
816
353
515
189
474
1440
1533
1534
833
548
1054
1299
847
1333
1166
441
922
1306
1929
183
1134
1169
647
1502
378
84
325
267
223
1070
107
1295
1712
763
1538
1499
1663
661
777
112
157
825
97
1129
510
1380
453
1152
1645
1125
522
1621
1836
1770
323
1979
95
1481
740
1062
1986
574
644
449
1451
475
1228
801
1651
438
1612
79
1576
1669
1363
1111
456
228
202
602
1599
967
916
337
1379
1086
1435
1719
1872
1432
602
1239
912
1933
91
1509
472
883
1182
986
302
1569
1315
330
1844
879
1138
1462
1957
604
459
1805
1622
515
1277
1764
1196
1245
601
1020
343
1347
1269
1169
847
1056
339
1978
1018
11
1753
353
1632
1732
618
992
1850
1130
1587
1491
1334
364
1439
1241
1989
877
32
1064
1350
1167
986
807
1631
788
211
1517
1551
1307
1656
874
1476
1947
714
1587
133
933
1509
292
595
878
60
651
1598
1368
1810
12
426
600
609
1168
933
1041
1000
70
569
273
1027
320
1708
1100
149
1946
731
1331
889
1243
1096
1080
1490
333
496
74
1472
1330
691
827
443
228
1235
1199
1508
663
944
692
1451
1986
87
780
1706
1972
1749
1299
215
1216
1259
1073
535
778
1713
771
1656
47
1093
1604
555
1396
1242
1631
346
1250
666
1724
1506
331
1861
451
1959
1842
1270
784
1217
1359
1154
1185
82
357
1972
29
150
530
1466
12
1334
1899
1991
1819
1459
521
1251
421
1683
1466
780
1457
16
1879
1412
1370
1211
1399
926
1373
365
93
274
1883
285
1149
194
1517
807
627
908
1635
652
437
659
1217
847
620
256
1238
1433
325
235
1232
170
99
834
987
1985
1707
1211
948
729
1374
404
1497
265
1344
479
1815
758
192
640
1630
350
59
1239
1682
1588
844
58
1368
1182
922
1757
1010
676
269
32
1388
1928
666
629
1575
568
1261
1478
1576
1820
634
1555
562
34
58
100
1163
655
1917
1302
622
270
585
1685
565
1850
945
1479
68
242
1663
659
1219
1596
121
1190
123
572
1638
1725
1571
1615
602
1311
494
691
1459
1551
507
1034
886
250
304
795
86
1453
463
284
847
1074
1562
1974
3
640
170
1538
1855
600
1270
22
1595
274
1116
302
421
201
1326
1396
602
796
1185
453
1160
1719
1619
1487
16
1752
625
1484
951
1960
1811
838
135
424
1179
1631
1910
815
666
212
950
1944
543
961
1179
1955
786
1384
919
1260
111
416
1807
604
1686
8
538
335
1575
1853
1624
1359
1366
1738
180
1502
1124
562
1488
1734
1529
747
288
697
257
565
1621
1418
1799
605
1915
1546
459
1208
782
793
661
1262
802
746
1215
1912
555
1735
546
536
1551
1256
986
218
1727
809
1790
4
809
198
1440
902
1317
1427
513
931
1483
814
228
1304
337
649
665
1877
854
1938
1501
1519
1851
1449
937
510
110
945
713
1990
419
1026
1240
94
850
915
1271
1014
1660
567
17
1173
1416
1737
1678
149
129
603
380
124
857
1575
1237
1423
1615
461
80
875
1506
1410
1151
1386
1881
1605
1778
164
1448
1920
1172
1395
940
1499
305
75
311
568
1875
746
1067
1189
46
336
173
1920
1669
973
927
1024
337
736
839
647
1773
743
1748
464
1348
1218
12
1084
1024
1640
1628
1225
1496
1202
96
143
1774
935
422
821
456
1583
190
1278
627
681
1258
1556
501
947
1165
295
841
1435
351
7
1649
1087
1333
783
445
463
268
1725
1544
708
385
378
432
172
1057
1193
1504
467
1214
1240
1411
1170
1530
217
1331
1283
1264
171
241
1779
998
797
584
1206
708
1555
395
335
984
964
1715
667
1321
935
715
518
1692
1491
959
1222
505
1140
1983
189
805
1804
1393
1980
1634
1006
1211
788
1071
1079
677
659
324
1815
1844
1815
1335
1233
1028
1698
366
1239
1939
1673
416
84
409
801
1295
1025
903
288
1719
1075
1708
935
1852
296
679
1822
1850
1176
329
1871
1864
1957
87
1370
1565
654
1459
532
616
646
227
588
1213
1926
1627
679
1854
159
392
1562
1079
1557
935
832
895
802
1806
951
1594
657
1030
727
858
223
870
1235
13
1070
1709
295
162
1529
575
723
523
1972
814
1283
507
1409
1376
890
147
1854
248
1325
930
160
270
1109
1193
419
572
499
300
613
511
1136
583
1835
143
536
473
1972
545
696
1093
541
726
105
186
1859
534
295
1540
522
1551
1792
1918
1749
1781
1725
927
1818
297
596
1876
243
1524
1602
609
295
1755
899
1189
1472
1030
930
808
1470
1198
744
521
32
251
742
1904
394
1758
1283
523
535
1876
988
24
980
1086
1773
363
617
1229
1189
1188
242
182
1949
1703
335
1289
642
1993
177
1721
440
1185
38
516
122
1791
1999
1833
109
18
506
795
533
1729
1512
1711
1598
736
449
1669
1154
323
1115
241
1964
1931
1439
362
1553
1516
1374
1868
290
1204
114
1712
845
1521
1214
1196
163
67
786
145
1818
1511
512
1535
1659
148
1851
726
639
308
1092
1992
466
1822
375
1816
8
443
732
1900
1383
234
1985
451
417
1032
798
1890
1187
303
1303
1203
138
76
1915
1248
1513
1313
1988
826
1520
1274
402
1515
1879
1890
327
1733
1695
712
474
1610
1416
303
1484
1909
37
304
1652
644
779
1076
615
1673
1880
580
1827
1038
1823
1879
1635
621
5
519
1470
1410
1388
828
602
1106
422
444
1731
418
686
50
671
1829
530
678
1257
75
1830
381
196
781
1540
286
790
996
554
637
306
1943
1325
1858
446
810
972
1111
842
1062
1992
1771
131
154
1741
313
1507
577
1701
1039
107
1269
974
54
1968
318
560
1917
345
554
881
1422
1865
524
204
1285
280
8
1970
126
1372
409
842
1001
1320
1796
669
1824
952
66
606
1097
619
204
139
678
591
1075
657
137
348
1992
1447
297
1375
1388
723
1085
56
925
1399
1574
520
282
544
1886
380
814
1999
1372
982
882
1847
985
1045
529
435
1276
85
1908
577
1881
1899
1166
695
1563
1294
1857
1187
1299
763
1185
1580
319
4
1114
1226
1984
1625
630
1784
540
1795
680
184
1344
1623
1166
794
1333
1305
1533
444
1976
573
470
1961
1057
387
870
77
1880
1446
1893
617
209
103
119
72
52
494
320
1514
1265
1545
1951
1643
1650
63
1769
1384
1013
1953
161
1558
1463
1497
1111
931
1544
563
946
192
627
964
1492
763
282
1581
141
350
1797
611
194
1276
1614
1789
932
1152
314
447
1224
648
347
73
1519
1667
437
80
503
973
139
360
825
696
1239
43
819
356
1691
877
1729
64
1658
74
101
578
1212
1593
607
1376
1794
1299
945
750
1485
211
884
1471
1410
105
89
13
711
1475
627
1189
1453
39
1786
775
1668
780
1475
1576
1660
1005
1030
265
1651
193
1997
1443
355
1618
911
93
587
1669
1021
966
478
861
1267
312
415
1881
1077
20
346
927
1662
798
1813
697
691
7
93
1697
22
1146
1171
1175
907
66
1479
1239
755
1808
619
1462
1210
1102
201
976
1117
754
341
769
1480
511
301
1875
1486
1535
315
1900
237
1625
1636
1488
20
1574
113
1627
1181
1373
1823
1482
1400
599
1588
170
1646
1865
842
1724
214
61
1067
1379
635
61
383
1636
967
968
1206
783
1429
1587
1765
1118
897
1239
1038
1567
989
566
289
1204
1256
1959
1022
1774
542
823
296
1797
1404
1872
1539
377
443
888
687
1118
195
462
1949
183
1214
1825
0
1254
109
509
349
320
1581
841
70
1783
556
605
344
1280
1469
1809
1165
163
1695
733
772
219
440
473
1322
309
1389
1231
1438
260
1770
1617
633
1717
1730
569
1630
79
1614
229
1784
205
760
471
611
1612
1212
663
1824
1865
647
1365
837
84
676
1063
1148
794
1272
211
834
1140
1411
232
1420
650
24
1636
71
964
632
1168
1383
1058
1847
55
1930
1316
607
1381
774
1038
187
348
1302
1415
263
1906
59
575
977
1178
1063
1909
735
487
489
1915
1192
849
679
1368
1155
1995
1589
35
112
1695
1248
1085
428
1306
1967
907
117
42
373
73
1044
1361
1871
500
745
540
893
1845
1172
1063
1829
1773
428
37
362
1731
403
35
577
307
84
1216
639
1640
1741
1608
327
465
482
1448
1813
921
310
698
180
588
449
1272
797
1025
396
373
1241
1675
994
989
1758
63
1837
1572
968
226
889
1273
1951
1775
186
1770
13
891
709
1021
1940
1540
1595
166
851
552
954
712
970
648
168
1345
771
700
994
556
1833
622
1697
957
2
1976
1691
1737
591
1140
642
1985
1078
1700
1010
251
1324
236
412
746
1226
251
1656
1273
585
1598
1846
1363
1818
1945
717
881
947
457
993
428
396
370
1541
1050
1051
1269
1211
1210
401
1234
1845
1575
571
492
560
636
1062
458
1566
1718
363
1669
686
1388
407
78
1662
563
1550
1695
1981
601
1963
1716
729
1811
1020
1241
1285
1482
797
694
430
154
1206
356
921
1887
769
1394
829
229
1033
1582
33
1991
1055
1465
678
960
730
1183
808
1431
606
802
36
1778
178
417
413
1634
1270
1445
1787
718
1696
1797
1653
638
331
1171
1227
523
821
1229
1362
1916
1637
1863
1006
1758
1257
1359
1613
1134
1643
1921
1977
153
994
236
1983
604
394
1934
819
1876
1657
1913
484
1062
1949
966
1945
932
1887
102
386
685
1014
83
1972
1005
1713
771
1011
299
1357
1004
467
807
491
1983
459
161
954
1994
495
1864
580
545
710
628
182
984
1423
281
1811
1335
111
1799
1940
1633
1626
1365
6
1995
524
863
381
1600
1701
462
1819
1136
619
1837
1047
168
718
302
330
1689
732
1790
264
1210
1479
1103
493
179
263
457
596
41
1
1870
950
94
543
1812
707
923
414
1727
1619
1265
1269
468
608
745
757
1332
920
251
1194
178
1513
1936
854
777
1520
236
775
1454
877
1556
1194
1137
383
1925
742
606
1522
1556
1408
217
1343
1868
1669
1364
727
894
470
769
1917
1066
1670
1291
1901
7
408
442
478
1553
1571
1287
173
1001
225
985
1510
44
11
1534
658
645
396
1273
1755
873
1445
248
1933
1620
1012
155
931
1799
1082
1364
1701
394
885
77
412
699
1728
614
539
679
1931
954
122
1943
384
120
396
776
1401
69
238
699
1748
714
1655
479
1421
1120
1067
644
1111
701
1239
494
1753
680
1841
1913
1644
495
1800
161
967
1323
1343
6
972
1204
685
1570
1474
1652
1750
775
941
1889
251
1395
974
362
1447
1990
1688
978
37
1550
597
1011
325
60
1211
930
703
732
529
514
1844
372
1996
313
788
350
914
708
868
1069
1355
1276
983
12
213
1322
515
791
549
1102
406
1728
1706
529
436
1538
542
1278
1797
707
1387
1202
1484
1105
1797
641
1807
912
1571
1637
188
1356
256
1622
1009
1699
709
1439
1005
941
1830
1698
1810
603
1664
1628
788
1596
855
1624
817
1248
700
357
182
73
1014
1869
1050
901
457
1800
246
1291
332
1225
1318
1043
1332
1017
1324
960
1209
1866
787
113
16
1113
440
718
1435
1195
385
1454
307
1229
524
1664
1810
1002
977
724
478
1971
801
1324
1536
1290
77
677
70
1723
1455
878
1286
948
1816
573
1470
253
54
1996
1320
1878
478
1732
572
1316
728
1366
832
347
477
4
447
1126
778
1344
1034
608
741
1785
464
245
539
249
512
1612
719
645
1037
453
266
704
1416
883
1577
1547
1258
362
1802
33
1382
1294
716
580
900
1018
303
1431
778
113
880
1090
1260
1192
651
1668
671
1940
1546
1062
970
899
1045
1939
1662
485
1135
1776
1318
860
692
1953
598
1702
495
560
371
1452
1711
1405
1046
44
902
1572
1057
980
1641
352
616
730
924
592
1522
669
1637
593
679
1639
809
234
1141
1005
1323
2
16
614
524
1391
1111
1495
1581
115
1387
92
183
466
1986
684
432
1366
14
549
671
1687
266
198
1710
1827
465
1658
12
1944
1334
1326
1346
1693
477
540
1009
512
1967
1991
730
1802
991
1122
1115
954
620
1571
1335
1447
933
59
1752
1299
191
1707
1941
1703
137
1198
109
1860
996
1213
1176
1990
64
221
1153
1462
255
829
555
1192
827
1335
1929
254
1417
517
337
205
766
1124
1971
551
1310
272
702
518
134
949
1775
95
1095
1299
1193
1727
1265
468
260
501
1849
328
59
1318
98
1521
1915
1565
1058
1197
1025
1357
622
615
1801
1044
1600
692
1627
214
522
1532
1330
191
1207
403
1495
540
865
1381
773
1032
1499
1917
1560
200
1545
1981
564
625
1449
1118
506
1455
1981
1918
1681
565
1556
1797
1912
1110
1687
1447
40
1482
1061
1239
1394
163
770
1840
119
46
498
1855
1772
36
4
754
978
1873
1750
19
750
704
331
565
1514
393
1204
859
164
1338
437
63
923
1442
1603
1466
68
151
1175
1197
1898
1383
1505
401
1932
840
1640
698
740
685
1303
1350
963
1105
1791
1799
530
758
615
1353
309
1693
1246
1815
1371
432
1468
1174
1076
1949
1922
264
442
1489
1266
1859
1263
1717
944
10
1833
968
931
1104
672
943
828
482
1381
1246
1424
1644
1870
100
690
1014
235
1274
588
1171
1913
635
1529
1045
633
149
610
1242
731
292
154
426
1899
817
1227
705
528
584
1921
623
1110
178
407
1668
636
239
734
1871
1997
935
288
1269
583
1634
815
1487
1520
90
684
1314
330
539
1123
923
5
1894
1186
1032
851
1447
524
101
1794
1059
596
1985
902
461
246
261
582
1792
700
741
415
402
586
1679
1244
74
1995
1120
626
1365
1877
1805
1781
1450
1556
504
22
649
539
1081
123
1607
648
297
35
695
1488
341
1527
718
811
906
1991
1162
714
1881
1931
1706
781
139
1272
485
1137
1509
729
3
681
580
988
1756
1520
575
1491
923
886
1127
1494
707
1700
534
968
860
1366
223
4
1987
441
1151
57
1553
1587
190
689
860
1877
1853
257
1404
906
21
1474
1579
1447
339
638
493
1588
494
1443
1991
748
1588
1234
1791
1691
1568
1937
1404
1001
29
411
664
1119
1683
1238
537
1610
788
350
1254
794
1668
1625
1921
1207
1762
224
434
949
1827
862
1948
258
65
826
1952
13
968
361
1452
1700
760
822
1745
660
1524
1382
1251
1840
1746
946
1292
7
1455
119
378
1489
8
395
137
1221
679
414
1831
1996
1686
711
1533
1262
930
465
884
740
1672
1787
1452
750
547
1880
1531
1172
842
669
1289
817
623
1653
610
410
155
168
1909
1103
918
789
646
1164
1742
659
1938
1190
1414
696
1509
95
551
1989
207
772
984
1928
1366
1901
281
1858
164
880
947
389
1729
885
1165
1845
1825
192
1187
836
749
100
1595
1918
512
271
1725
1696
1115
1215
1472
728
960
583
1413
81
1790
466
1766
1132
505
1336
1322
1822
1493
372
990
772
695
105
367
234
463
352
690
1525
1061
599
1860
1563
603
699
1894
782
1005
723
705
1229
1868
329
498
1806
954
599
829
1766
222
1343
1365
407
1081
1185
877
787
1943
588
784
164
748
381
1769
1381
1088
990
1743
695
581
102
1930
762
1598
609
1302
330
947
1731
1619
679
822
63
111
509
207
1268
582
1092
134
659
1768
1825
612
1137
292
1077
1554
742
621
316
970
1967
936
594
459
1891
1409
1999
144
1684
1250
1820
589
1174
890
939
1904
365
1460
1679
1618
1243
36
471
821
1078
1702
1431
934
1218
1199
153
1338
1795
1981
107
1124
1896
833
723
726
1903
93
1534
817
1218
455
73
1124
1943
272
1826
595
1167
259
1925
155
132
709
666
1603
1492
1385
1690
1093
1142
1088
590
1446
355
194
753
17
551
1102
1878
1973
1450
184
1960
81
1241
1333
1409
436
80
1083
1660
118
1356
1204
139
849
1126
1390
1078
1266
708
1328
448
1517
1571
1344
1587
1859
43
1913
1935
130
576
400
658
329
672
1764
1622
1056
349
289
418
590
211
185
1073
1162
28
1450
583
826
1438
1096
1615
1557
1109
149
1349
729
1993
1799
175
558
946
1783
931
1659
1468
1118
150
1783
787
1585
207
1361
1061
1282
904
303
141
1560
760
685
717
1474
577
1879
281
402
721
1358
1051
914
569
1341
1131
650
1891
1755
851
710
56
1723
1821
1328
1877
1036
630
230
877
1514
1450
992
1786
1486
1217
121
1587
382
1911
1703
576
1149
744
728
1752
1037
536
273
1414
665
1941
955
1765
332
1065
1737
1825
620
1714
1143
443
194
1980
1738
1926
1579
643
587
1032
309
1090
887
1191
415
497
1649
43
759
1944
1894
868
509
1659
1491
777
414
170
1403
1454
1820
1892
442
376
1090
914
1255
21
776
592
549
1487
1685
1576
1570
438
1583
177
501
1078
209
5
831
246
930
1339
678
599
1444
1613
119
1044
1336
1620
461
198
626
1430
1046
998
105
314
1257
1574
1994
833
411
584
413
136
952
504
1375
701
1975
1877
483
1967
887
1357
124
1482
688
1133
1566
1497
1362
949
1526
1607
380
556
1484
1043
1808
13
737
905
1867
163
455
575
523
954
1022
214
1450
1224
1788
1664
393
783
1752
328
1256
431
1315
1449
1522
1104
1475
1680
62
202
1072
1814
1636
1489
585
1216
323
479
397
142
1506
1996
241
1634
1557
347
1569
1064
887
643
1881
255
421
495
634
1402
1420
1730
1692
77
1851
1701
1230
842
913
1812
1530
1660
582
1561
1359
1634
260
1456
994
381
1656
627
1804
632
1797
645
1446
986
157
19
879
481
1974
440
1035
910
121
852
559
1587
560
1055
1522
746
1841
1577
1436
454
851
534
491
260
644
1674
583
884
1975
687
1734
1535
169
1927
151
1519
1917
354
394
477
163
1386
1471
643
1149
69
425
889
1486
536
1620
636
806
1623
178
737
1714
1538
157
1484
1251
1280
778
247
1443
787
246
1877
880
268
1111
769
1676
1635
229
652
1694
738
380
1962
1303
1535
1541
376
106
1998
200
654
1099
1707
1210
127
24
1677
924
1961
1202
490
1016
1665
1286
1951
1853
1096
608
588
558
1518
709
431
959
1307
581
1338
1243
715
1770
505
1514
169
1173
751
931
372
252
1214
51
1265
672
1483
390
415
250
1060
348
344
382
912
1611
513
1632
1173
1594
533
1443
464
1667
691
1334
104
1735
1183
1715
467
760
112
526
1893
168
362
1700
1543
1869
1308
125
1542
1697
464
1002
1928
509
588
1173
1253
1051
506
591
1162
546
1351
614
628
941
1301
1175
1112
1120
686
