1000
680
248
559
292
6
862
856
304
184
911
960
166
975
422
101
956
766
251
590
299
208
946
68
935
539
542
84
735
8
489
633
698
616
920
104
33
27
769
926
661
618
123
429
815
868
256
797
488
394
711
240
847
688
400
407
384
998
491
972
95
225
686
969
705
334
119
855
740
937
161
205
139
232
285
280
719
629
20
715
53
48
576
204
341
526
734
333
405
993
408
297
475
175
293
613
888
35
198
469
78
109
463
609
778
965
747
634
342
412
93
938
933
790
828
286
100
602
723
174
83
859
261
0
328
402
255
493
640
173
544
495
733
272
508
952
116
480
518
197
505
479
925
312
137
803
359
583
988
725
551
587
496
568
497
892
193
383
244
805
196
185
755
375
34
982
944
483
5
481
791
701
822
958
639
648
873
709
912
290
726
876
201
957
562
87
459
484
593
767
699
750
414
506
833
401
222
381
336
623
262
979
258
28
903
452
577
881
669
780
485
423
682
364
42
625
691
510
296
970
638
234
46
9
454
934
608
612
64
170
21
714
768
275
373
760
41
152
54
186
490
836
955
597
156
23
728
306
110
294
580
45
810
38
138
270
154
649
353
923
482
865
706
844
199
976
770
817
37
773
752
190
848
930
904
49
358
195
940
435
460
172
102
113
411
114
350
746
729
814
476
233
874
153
611
380
140
594
276
837
573
444
237
12
884
950
246
194
203
144
76
589
863
324
90
678
793
396
265
522
335
26
762
419
52
75
179
235
120
3
901
355
547
567
841
19
43
125
94
206
673
453
271
62
951
391
127
610
229
354
89
331
864
962
322
7
626
854
403
421
757
575
722
29
236
273
1
997
283
498
434
503
672
51
694
366
697
644
572
870
635
39
696
278
372
69
404
627
368
243
417
98
906
15
99
681
18
989
695
700
806
748
73
891
818
858
388
30
961
604
953
347
387
702
219
433
216
192
124
732
126
527
223
315
77
513
914
352
595
149
708
118
878
832
727
260
554
91
212
552
838
532
321
984
553
886
731
165
424
338
431
739
561
356
344
887
631
849
546
441
799
558
826
990
802
393
215
908
31
163
117
941
964
983
477
274
430
150
973
17
860
724
106
655
257
913
145
147
557
877
211
560
879
907
704
461
866
642
254
426
794
14
511
390
281
135
282
504
22
105
295
207
808
349
743
187
448
188
968
781
455
59
991
169
846
538
929
954
651
829
136
586
209
329
671
986
599
753
745
716
158
652
861
880
898
79
319
621
107
451
82
662
845
247
824
326
13
337
266
427
764
224
467
200
320
517
369
918
896
74
883
897
550
759
509
754
346
80
943
367
88
581
108
622
630
813
658
450
521
851
128
470
974
945
191
420
947
501
217
47
932
917
468
438
277
772
948
588
922
362
300
875
425
103
32
683
220
654
674
231
615
332
910
11
730
579
775
712
16
564
314
749
637
370
949
927
302
115
4
533
361
96
687
487
765
641
774
603
939
985
92
141
291
63
761
978
540
65
238
122
601
437
378
536
398
800
992
556
720
399
210
500
549
999
852
713
268
472
528
690
71
516
392
776
245
685
465
445
666
440
130
267
377
792
525
456
756
432
834
171
751
763
893
436
811
309
839
889
221
894
189
10
66
825
343
512
647
710
264
819
409
520
36
987
659
574
176
148
980
132
86
684
628
994
155
534
871
670
981
782
785
741
253
446
413
143
228
499
646
57
676
936
308
357
317
971
70
428
151
97
164
569
502
288
157
624
857
376
959
707
821
305
668
895
963
2
692
242
310
530
111
181
606
524
812
830
721
374
607
882
134
795
703
269
801
600
591
365
284
129
382
853
656
249
60
996
462
303
636
820
905
316
921
40
529
571
307
657
515
330
632
619
689
650
182
867
563
379
458
252
592
585
928
531
736
787
24
323
667
457
85
239
605
758
473
578
717
279
478
325
471
899
909
788
620
25
995
121
443
160
486
617
67
202
55
168
360
566
395
142
386
840
737
890
614
397
541
287
389
447
146
492
796
967
663
311
677
584
924
915
56
180
474
339
178
966
809
507
259
449
543
779
872
916
410
643
942
50
327
263
406
466
545
133
439
807
827
464
313
842
58
415
885
442
596
977
835
351
555
183
523
786
653
213
537
416
250
900
816
645
665
348
675
843
214
167
385
679
771
570
318
61
514
660
869
535
831
565
227
418
744
159
804
112
363
823
230
494
44
226
519
241
81
783
693
664
340
738
345
718
742
177
218
371
784
289
919
798
789
131
902
598
777
162
301
931
548
850
298
582
72
