1000
136
94
104
4
133
158
32
95
70
68
172
74
70
20
86
93
138
149
132
164
62
138
185
14
187
94
9
89
178
41
78
86
17
8
9
6
77
2
60
60
92
117
17
53
111
112
122
8
33
183
3
95
49
93
177
63
128
143
125
105
169
27
117
127
112
77
2
21
118
23
129
83
40
29
124
179
123
76
21
156
185
112
181
54
20
178
88
0
88
121
152
189
19
35
187
173
92
32
145
52
16
23
189
16
64
191
142
144
161
49
66
192
31
179
133
85
64
52
123
54
167
105
65
158
154
171
131
89
34
103
121
70
178
124
164
144
35
66
116
175
48
178
167
75
90
159
101
169
163
133
129
94
15
45
24
162
182
84
144
65
101
187
148
60
76
113
33
153
71
156
75
52
182
111
179
72
120
116
17
36
185
79
195
102
108
62
141
98
43
197
9
2
90
89
108
126
156
177
8
193
121
52
2
198
104
121
26
42
116
24
25
65
163
156
108
76
23
196
54
45
81
181
13
92
154
141
145
131
189
103
45
110
134
188
176
46
139
66
98
190
128
189
180
36
195
91
78
88
139
184
144
27
83
123
31
28
171
67
189
170
91
39
21
164
56
174
12
63
184
141
157
40
149
55
51
169
44
0
12
158
183
158
165
191
135
174
40
174
150
57
71
8
173
139
154
9
54
145
100
83
103
32
3
131
43
58
71
58
5
50
73
190
70
146
7
172
34
131
106
55
188
117
92
122
161
124
71
124
36
175
149
69
38
104
137
72
18
170
157
19
77
168
75
128
88
138
24
132
196
192
141
34
65
161
29
153
31
129
66
85
98
181
102
64
146
0
20
101
185
178
104
172
134
104
141
124
55
143
155
29
128
167
72
61
181
132
18
49
185
102
155
194
138
106
42
192
22
116
191
176
173
17
84
172
173
179
121
151
46
50
91
71
1
3
133
42
57
179
128
67
69
93
88
130
51
23
163
187
25
107
136
195
63
196
18
46
180
180
28
192
179
185
69
25
108
19
107
120
145
127
35
31
41
105
194
125
135
79
117
164
79
139
157
17
53
163
163
47
175
146
8
2
133
126
156
68
80
196
66
154
172
76
9
165
65
6
24
180
30
89
50
9
131
80
81
184
19
62
7
192
26
81
49
86
91
10
112
187
139
18
145
180
108
165
135
139
42
157
11
194
175
100
63
108
14
128
83
162
16
184
181
146
104
162
187
198
162
127
162
58
74
163
26
141
144
124
41
157
166
32
117
61
180
49
134
180
194
134
60
66
196
164
181
28
22
89
95
64
154
9
27
44
171
171
141
103
41
191
134
112
62
14
43
43
96
135
101
162
170
7
151
16
163
13
3
151
189
5
60
113
131
103
178
5
137
64
195
44
193
149
56
68
18
108
133
167
20
76
75
133
13
79
55
168
180
172
106
118
120
161
63
77
185
119
138
107
16
31
184
35
185
49
2
57
51
29
188
175
3
4
112
0
174
115
78
174
111
147
59
143
197
121
81
98
67
106
34
171
125
87
88
20
48
43
0
196
171
44
29
2
18
87
114
12
127
152
80
65
172
68
103
31
45
71
34
181
114
148
117
123
42
98
140
41
163
38
145
163
170
178
199
33
103
190
72
46
113
110
110
39
197
79
146
113
121
198
38
13
42
3
141
73
189
50
99
77
107
38
161
138
78
3
97
42
136
132
127
129
45
88
167
107
185
107
188
195
126
46
40
72
193
133
119
161
78
76
192
153
159
132
93
68
39
127
186
43
178
165
142
37
22
46
191
141
90
161
61
84
169
66
116
137
151
62
26
120
44
93
138
14
73
83
161
195
5
78
99
89
20
129
149
62
78
153
85
77
98
182
93
42
82
157
121
140
58
153
54
124
155
142
38
19
50
40
90
134
133
97
90
103
172
154
86
96
39
184
7
3
152
43
35
146
176
160
23
94
176
137
122
67
63
188
117
140
120
109
160
177
0
158
170
59
89
130
89
166
87
149
110
9
45
34
146
199
115
131
105
40
120
144
20
173
155
151
37
80
30
174
183
180
80
22
195
199
134
10
85
170
184
103
157
192
164
109
11
123
13
191
49
46
10
13
148
109
39
70
153
13
187
16
11
82
154
37
65
193
129
13
41
161
44
119
104
161
190
35
160
87
109
158
150
110
85
55
13
87
166
6
122
37
126
52
92
1
51
165
63
99
72
16
148
89
133
176
33
85
15
23
147
195
169
84
24
106
176
105
64
47
76
129
196
168
51
72
87
35
10
158
189
45
