1000
14
954
2
3
643
611
6
7
8
9
10
11
12
380
14
15
16
729
18
788
20
32
22
23
24
25
26
27
28
29
30
31
32
33
34
35
36
37
38
39
40
823
42
43
44
45
46
47
48
728
50
51
52
53
95
480
56
57
956
59
60
61
62
63
64
65
66
67
937
69
73
71
72
73
576
75
687
77
782
450
355
134
14
715
84
85
481
280
88
52
90
900
92
93
94
95
96
97
98
99
100
101
124
103
104
105
106
107
108
441
169
684
112
113
114
537
116
117
118
232
307
121
122
123
124
125
126
127
222
129
130
115
132
290
134
135
848
137
138
67
457
141
41
784
144
145
835
452
148
149
490
795
152
153
248
155
156
835
364
159
160
161
162
163
164
165
441
167
203
169
170
171
167
173
174
829
765
177
753
753
180
118
182
183
184
185
186
271
188
153
190
223
192
3
194
195
196
197
198
199
200
678
446
203
204
205
281
207
811
562
210
14
212
213
163
215
216
217
218
219
220
908
222
223
673
225
226
227
228
229
476
614
232
233
722
235
236
237
212
388
240
241
222
243
244
245
246
247
802
249
250
251
252
970
254
255
256
257
258
259
260
261
553
220
264
265
266
374
268
269
270
987
272
790
274
275
750
724
278
279
280
281
282
283
284
838
286
287
330
289
405
291
292
991
294
295
296
297
298
577
300
301
302
303
825
305
358
755
308
309
678
388
841
313
314
315
316
317
318
71
320
596
322
223
324
325
326
327
192
479
330
331
332
935
334
335
539
337
338
339
340
695
133
879
344
188
939
786
348
349
350
351
352
353
348
355
46
357
586
359
360
361
362
363
364
365
366
367
671
369
327
371
372
373
374
796
376
377
343
379
380
381
382
989
877
385
852
387
388
389
390
820
619
393
394
819
396
397
398
399
400
401
402
217
404
405
406
801
477
409
681
411
412
413
414
415
673
417
418
714
420
421
750
265
424
425
497
478
428
429
430
210
545
433
434
435
436
437
438
439
366
441
275
443
444
445
446
447
448
449
450
374
452
755
79
455
456
457
387
459
460
128
462
463
730
465
466
467
370
469
563
471
472
473
474
475
911
477
478
479
480
319
361
483
484
485
486
487
488
300
490
10
492
493
494
495
496
497
873
499
687
301
349
794
504
155
506
507
959
184
510
511
512
513
251
864
516
517
301
519
364
807
400
226
524
906
526
527
528
529
898
186
500
533
752
535
536
861
538
539
540
541
542
543
212
545
546
547
398
549
704
551
552
553
554
555
100
557
558
559
976
688
562
520
564
565
629
567
568
569
71
571
572
573
214
973
576
231
578
990
580
581
582
657
584
585
586
287
128
589
590
630
592
593
668
599
596
597
598
599
600
110
146
603
604
605
606
607
608
609
610
611
612
613
614
615
616
617
916
619
620
621
195
892
237
923
626
627
284
629
630
958
105
633
634
817
815
706
638
639
640
641
642
643
952
49
646
324
648
746
650
651
652
653
885
364
656
657
658
999
425
661
860
143
664
665
666
667
668
669
670
526
273
673
674
675
867
677
584
679
680
681
790
683
684
685
686
687
688
689
690
691
692
100
694
627
696
697
698
845
700
65
366
703
158
705
706
755
228
913
710
711
712
429
26
715
5
717
609
719
720
721
221
723
724
605
726
727
728
729
730
731
732
564
734
735
736
737
61
739
740
741
942
743
860
737
746
747
748
749
177
751
752
988
754
423
756
757
758
759
760
423
634
763
764
251
766
767
50
769
770
771
772
773
774
717
776
777
778
779
480
781
782
234
784
785
377
966
788
570
790
791
792
793
794
795
796
797
782
687
800
801
802
355
841
805
806
319
437
809
810
811
22
730
814
493
747
817
818
819
820
404
822
823
824
825
374
827
828
829
830
831
832
833
834
835
49
689
838
839
624
149
66
843
844
845
846
847
848
849
850
146
852
463
854
855
540
793
27
593
997
861
862
495
864
865
836
337
868
869
145
871
963
873
874
875
876
877
878
879
43
881
882
883
884
885
886
537
888
967
890
527
892
893
694
895
896
897
898
899
900
901
752
177
668
905
656
907
343
163
172
911
912
10
914
915
916
520
412
978
920
921
922
923
135
182
926
190
928
929
930
931
932
960
934
935
936
937
938
939
940
941
16
943
346
945
304
947
791
949
950
951
952
953
954
955
956
957
143
597
960
961
932
963
941
669
966
967
919
969
970
951
972
973
199
975
14
534
978
979
477
62
982
346
478
985
986
987
988
989
990
584
992
993
994
781
996
862
998
533
